==============================
Table: grupo_sincro
==============================

Column: id
------------------------------
170
224
346
222
172
228
354
226
234
361
262
230
236
363
264
232
407
405
409
411
413
710
1011
714
716
214
304
206
218
292
210
242
310
246
250
608
1032
992
912
920
916
918
914
913
921
917
919
915
461
558
459
560
562
256
43
35
829
272
51
318
330
326
322
59
993
779
777
781
696
636
618
614
620
616
686
682
684
688
720
718
722
724
662
680
678
676
1014
672
670
668
1025
664
528
530
282
595
383
536
542
284
268
385
344
290
395
399
401
548
425
435
342
427
188
736
771
791
767
216
306
208
220
545
212
240
308
244
248
298
546
460
557
458
559
561
469
566
467
471
564
255
42
34
828
271
50
317
329
325
321
58
778
776
780
695
635
617
613
619
615
685
681
683
687
719
717
721
723
661
679
677
675
1012
671
669
667
1022
663
171
227
353
225
169
223
345
221
233
360
261
229
235
362
263
231
527
529
281
596
382
535
541
283
267
384
343
289
394
398
400
547
424
434
341
426
709
1009
713
715
187
742
789
746
769
215
305
207
219
994
211
239
307
243
247
297
241
309
245
249
607
584
478
258
260
71
280
926
274
276
320
332
328
324
63
556
550
449
554
552
186
190
194
198
202
583
477
257
259
70
279
925
273
275
319
331
327
323
62
406
404
408
410
412
555
549
448
553
551
185
189
193
197
201
213
303
205
217
291
209
468
565
466
470
563
757
49
41
833
761
57
837
839
843
847
65
909
421
419
415
417
423
702
700
451
455
453
1017
827
748
735
770
790
766
801
803
805
807
809
811
891
887
889
885
995
813
815
817
819
821
823
420
418
414
416
422
701
699
450
454
452
800
802
804
806
808
810
812
814
816
818
820
822
1002
704
431
433
706
437
481
624
494
990
989
1030
991
985
988
1031
851
853
855
857
859
861
850
852
854
856
858
860
863
865
867
869
871
873
795
479
625
498
130
133
179
495
151
148
139
340
157
160
12
9
6
4
7
10
5
8
11
15
83
86
88
13
82
85
89
91
94
97
90
93
96
103
27
182
25
104
183
26
184
131
134
181
835
841
845
849
61
834
840
844
848
60
836
838
842
846
64
759
45
37
831
763
53
758
44
36
830
762
52
756
48
40
832
760
56
599
84
87
92
95
98
480
180
132
135
496
141
150
497
140
149
152
153
338
159
162
339
158
161
726
728
730
732
734
725
727
729
731
733
747
741
788
745
768
626
703
430
432
705
436
698
441
443
439
445
697
440
442
438
444
586
585
588
590
589
594
593
587
600
690
689
692
691
984
694
693
794
793
792
796
824
1015
826
797
825
890
886
888
884
996
908
1006
924
1005
923
975
1004
974
1003
862
864
866
868
870
872
875
879
874
878
877
1029
876
1026
911
910
897
895
893
1021
894
892
1020
896
901
900
1008
899
1007
898
907
906
931
933
935
937
939
930
932
934
936
938
941
943
945
947
949
940
942
944
946
948
955
957
1016
1010
954
956
1013
961
1027
965
1023
969
960
1028
964
1024
968
971
970
973
972
981
977
983
979
980
976
982
978
1001
1019
1018
1427
2050
1041
1081
1102
1592
1428
2053
1040
1075
1096
1593
1043
1109
1042
1103
1541
2067
1050
1092
1330
1720
1542
2075
1049
1082
1331
1721
1555
2081
1052
1354
1758
1556
2089
1051
1355
1759
1569
2095
1054
2391
1818
1053
1429
2051
1056
1076
1098
1594
1430
2054
1055
1077
1097
1595
1058
1104
1057
1105
1543
2068
1060
1084
1332
1722
1544
2076
1059
1083
1333
1723
1557
2082
1062
1356
1760
1558
2090
1061
1357
1761
1545
2077
1085
1334
1724
1546
2078
1086
1335
1725
1548
2080
2378
1547
2079
2379
1431
2055
1078
1099
1596
1432
2056
1079
1100
1597
1435
2052
1080
1101
1598
1549
2069
1087
1336
1726
1536
2070
1095
1088
1325
1715
1537
2071
1093
1089
1326
1716
1538
2072
1094
1090
1327
1717
1539
2073
2373
1328
1718
1106
1107
1108
1559
2091
1358
1762
1560
2092
1359
1763
1563
2083
1360
1764
1550
2084
1349
1753
1551
2085
1350
1754
1552
2086
1351
1755
1553
2087
1352
1756
1570
2103
2385
1819
1571
2096
2386
1820
1572
2104
2387
1821
1573
2105
2388
1822
1574
2106
2389
1823
1577
2097
2390
1824
1396
1397
1398
1399
1400
1401
1402
1391
1392
1393
1394
1433
2057
2376
1434
2058
2377
1561
2093
1562
2094
1575
2107
1576
2108
1564
2098
2380
1813
1565
2099
2381
1814
1566
2100
2382
1815
1567
2101
2383
1816
2026
1631
1074
1337
1765
2253
2027
1632
1063
1338
1767
2254
2028
1633
1064
1339
1766
2255
2029
1634
1065
1340
1768
2256
2030
1635
1066
1341
1769
2257
2031
1636
1067
1342
1770
2032
1637
1068
2397
1771
2033
1638
1069
2396
1772
2429
2034
1639
1161
1343
1773
2258
2035
1640
1162
1344
1775
2259
2036
1641
1163
1345
1774
2260
2037
1642
1164
1346
1776
2261
2038
1643
1165
1347
1777
2262
2039
1644
1166
1348
1778
2040
1645
1167
2431
1779
2041
1646
1168
2432
1780
2430
2042
1607
1149
1373
1781
2263
2043
1608
1150
1374
1783
2264
2044
1609
1151
1375
1782
2265
2045
1610
1152
1376
1784
2266
2046
1611
1153
1377
1785
2267
2047
1612
1154
1378
1786
2048
1613
1155
2437
1787
2049
1614
1156
2438
1788
2455
2059
1599
1173
1379
1789
2268
2060
1600
1174
1380
1791
2269
2061
1601
1175
1381
1790
2270
2062
1602
1176
1382
1792
2271
2063
1603
1177
1383
1793
2272
2064
1604
1178
1384
1794
2065
1605
1179
2439
1795
2066
1606
1180
2440
1796
2456
2109
1615
1185
1385
1797
2273
2110
1616
1186
1386
1799
2274
2111
1617
1187
1387
1798
2275
2112
1618
1188
1388
1800
2276
2113
1619
1189
1389
1801
2277
2114
1620
1190
1390
1802
2115
1621
1191
2447
1803
2116
1622
1192
2448
1804
2457
2133
1623
1197
1403
1805
2278
2134
1624
1198
1404
1807
2279
2135
1625
1199
1405
1806
2280
2136
1626
1200
1406
1808
2281
2137
1627
1201
1407
1809
2282
2138
1628
1202
1408
1810
2139
1629
1203
2449
1811
2140
1630
1204
2450
1812
2458
2125
1647
1409
1825
2283
2126
1648
1410
1827
2284
2127
1649
1411
1826
2285
2128
1650
1412
1828
2286
2129
1651
1413
1829
2287
2130
1652
1414
1830
2131
1653
1831
2132
1654
1832
2141
1655
1415
1841
2288
2142
1656
1416
1843
2289
2143
1657
1417
1842
2290
2144
1658
1418
1844
2291
2145
1659
1419
2292
2146
1660
1420
1845
2147
1661
2148
1662
1846
2149
2157
1421
1849
2293
2150
2158
1422
1851
2294
2151
2159
1423
1850
2295
2152
2160
1424
1852
2296
2153
2161
1425
1853
2297
2154
2162
1426
1854
2155
2163
1855
2156
2164
1856
2165
2298
2166
2299
2167
2300
2168
2301
2169
2302
2170
2171
2172
2173
1668
1209
1436
1857
2313
2174
1669
1210
1437
1859
2314
2175
1670
1211
1438
1858
2315
2176
1671
1212
1439
1860
2316
2177
1672
1213
1440
1861
2317
2178
1673
1214
1441
1862
2117
2118
2179
1674
1215
2399
1863
2180
1675
1216
2398
1864
2459
2181
1681
1221
1442
1870
2318
2182
1682
1222
1443
1872
2319
2183
1683
1223
1444
1871
2320
2184
1684
1224
1445
1873
2321
2185
1685
1225
1446
1874
2322
2186
1686
1226
1447
1875
2187
1687
1227
2441
1876
2188
1688
1228
2442
1877
2460
2189
1694
1233
1448
1883
2323
2190
1695
1234
1449
1885
2324
2191
1696
1235
1450
1884
2325
2192
1697
1236
1451
1886
2326
2193
1698
1237
1452
1887
2327
2194
1699
1238
1453
1888
2195
1700
1239
2443
1889
2196
1701
1240
2444
1890
2461
2197
1707
1245
1454
1896
2328
2198
1708
1246
1455
1898
2329
2199
1709
1247
1456
1897
2330
2200
1710
1248
1457
1899
2331
2201
1711
1249
1458
1900
2332
2202
1712
1250
1459
1901
2203
1713
1251
2445
1902
2204
1714
1252
2446
1903
2462
2205
1732
1257
1460
1909
2333
2206
1733
1258
1461
1911
2334
2207
1734
1259
1462
1910
2335
2208
1735
1260
1463
1912
2336
2209
1736
1261
1464
1913
2337
2210
1737
1262
1465
1914
2211
1738
1263
2451
1915
2212
1739
1264
2452
1916
2463
2213
1745
1269
1466
1922
2338
2214
1746
1270
1467
1924
2339
2215
1747
1271
1468
1923
2340
2216
1748
1272
1469
1925
2341
2217
1749
1273
1470
1926
2342
2218
1750
1274
1471
1927
2219
1751
1275
2453
1928
2220
1752
1276
2454
1929
2464
2221
1281
1472
1935
2343
2222
1282
1473
1937
2344
2223
1283
1474
1936
2345
2224
1284
1475
1938
2346
2225
1285
1476
1939
2347
2226
1286
1477
1940
2227
1287
1941
2228
1288
1942
2229
1293
1478
1948
2348
2230
1294
1479
1950
2349
2231
1295
1480
1949
2350
2232
1296
1481
1951
2351
2233
1297
1482
1952
2352
2234
1298
1483
1953
2235
1299
1954
2236
1300
1955
2237
1305
1484
1961
2368
2238
1306
1485
1963
2369
2239
1307
1486
1962
2370
2240
1308
1487
1964
2371
2241
1309
1488
1965
2372
2242
1310
1489
1966
2243
1311
1967
2244
1312
1968
2245
1317
1490
1974
2353
2246
1318
1491
1976
2354
2247
1319
1492
1975
2355
2248
1320
1493
1977
2356
2249
1321
1494
1978
2357
2250
1322
1495
1979
2251
1323
1980
2252
1324
1981
2303
2304
2305
2306
2307
2308
2309
2310
2311
2312
1510
1987
1039
1511
1989
1035
1512
1988
1036
1513
1990
1037
1514
1991
1038
1516
2000
1048
1517
2002
1044
1518
2001
1045
1519
2003
1046
1520
2004
1047
2468
1070
2465
1071
2466
1072
2467
1073
2472
1157
2469
1158
2470
1159
2471
1160
2476
1145
2473
1146
2474
1147
2475
1148
2480
1169
2477
1170
2478
1171
2479
1172
2484
1181
2481
1182
2482
1183
2483
1184
2488
1193
2485
1194
2486
1195
2487
1196
1663
2122
2119
1205
2395
1865
1664
2123
2120
1206
2392
1866
1665
2124
2121
1207
2393
1867
2490
2492
2489
2491
1676
1217
1878
1677
1218
1879
1678
1219
1880
1689
1229
1891
1690
1230
1892
1691
1231
1893
1692
1232
2400
1894
1702
1241
1904
1703
1242
1905
1704
1243
1906
1705
1244
1907
1727
1253
1917
1728
1254
1918
1729
1255
1919
1730
1256
1920
1740
1265
1930
1741
1266
1931
1742
1267
1932
1743
1268
1933
1277
1943
1278
1944
1279
1945
1280
1946
1289
1956
1290
1957
1291
1958
1292
1959
1301
1969
1302
1970
1303
1971
1304
1972
1313
1982
1314
1983
1315
1984
1316
1985
1515
1992
1521
2005
1847
1848
1993
1994
1995
1996
1997
1998
2006
2007
2008
2009
2010
2011
2013
2015
2014
2016
2017
2018
2019
2020
2021
2022
2023
2024
1540
2074
1091
1329
1719
1554
2088
1353
1757
1395
1568
2102
2384
1817
1667
1869
1680
1882
1693
1895
1706
1908
1731
1921
1744
1934
1947
1960
1973
1986
1999
2012
2025
2424
2408
2404
2433
2412
2428
2421
2407
2403
2435
2411
2425
2422
2405
2401
2434
2409
2426
2423
2406
2402
2436
2410
2427

Column: curso_id
------------------------------
204
205
206
207
210
211
212
213
214
215
216
217
219
220
221
222
225
226
227
228
229
242
243
248
249
254
255
256
257
258
259
260
262
263
264
265
272
276
305
306
308
309
310
311
312
314
315
316
322
323
324
325
326
327
328
329
330
331
332
333
334
335
336
337
340
348
349
350
351
352
354
355
356
357
358
359
360
361
363
364
365
366
384
387
388
391
393
395
398
399
402
404
406
407
408
409
410
411
412
413
414
415
417
418
419
420
421
422
423
424
425
426
437
438
439
440
441
442
443
444
445
446
447
448
450
451
452
453
470
495
496
497
498
499
500
501
502
503
504
505
506
507
508
509
510
511
512
513
514
515
526
527
528
529
530
532
533
534
535
536
537
538
539
541
542
543
544
562
565
566
569
571
573
576
577
580
582
617
618
619
620
623
624
625
626
627
628
629
630
632
633
634
635
637
638
639
640
641
642
643
644
645
646
648
649
650
651
652
653
654
655
656
657
680
681
686
687
692
693
694
695
696
697
698
699
700
701
702
703
705
706
707
708
709
711
712
713
714
762
764
766
767
768
769
770
771
772
773
774
775
776
782
783
784
785
786
787
788
789
790
791
796
798
800
801
802
803
804
805
806
807
808
809
810
817
818
819
820
821
822
823
824
825
826
827
828
829
830
831
832
833
834
835
836
837
838
839
840
841
842
847
848
849
850
851
852
853
854
855
856
857
864
887
888
889
890
891
892
893
894
895
896
897
898
903
904
905
906
907
908
909
910
911
912
913
914
916
917
918
919
928
929
930
931
932
933
937
938
939
940
941
942
943
944
945
946
947
948
949
950
951
952
953
954
955
956
957
958
1015
1016
1017
1018
1019
1020
1021
1022
1023
1032
1034
1037
1038
1039
1040
1043
1122
1123
1124
1125
1126
1127
1128
1129
1130
1131
1132
1133
1134
1135
1136
1137
1138
1139
1170
1226
1228
1229
1231
1233
1234
1236
1237
1238
1239
1240
1241
1242
1245
1246
1248
1249
1252
1254
1256
1258
1259
1266
1267
1268
1269
1270
1271
1272
1273
1276
1277
1278
1282
1283
1284
1289
1290
1291
1294
1296
1297
1299
1302
1304
1307
1308
1309
1310
1311
1312
1313
1315
1316
1317
1318
1319
1321
1322
1323
1324
1325
1337
1338
1339
1340
1341
1342
1343
1344
1345
1346
1347
1348
1349
1350
1351
1352
1353
1354
1359
1362
1363
1364
1365
1366
1367
1368
1369
1370
1371
1372
1373
1374
1375
1376
1377
1378
1379
1380
1381
1382
1383
1384
1385
1386
1387
1388
1389
1390
1391
1392
1393
1394
1395
1396
1397
1398
1399
1400
1407
1409
1410
1411
1412
1414
1415
1416
1417
1418
1420
1421
1422
1423
1424
1463
1465
1466
1467
1468
1469
1470
1471
1477
1496
1502
1508
1514
1515
1516
1517
1521
1527
1533
1542
1543
1548
1549
1554
1555
1560
1562
1563
1564
1565
1576
1579
1580
1584
1585
1589
1590
1594
1595
1605
1606
1607
1608
1609
1610
1623
1624
1629
1630
1635
1636
1641
1642
1652
1658
1661
1665
1666
1667
1670
1671
1672
1675
1676
1681
1686
1688
1691
1693
1699
1705
1708
1710
1711
1712
1713
1714
1716
1717
1718
1719
1720
1722
1723
1724
1725
1726
1728
1729
1730
1731
1734
1736
1738
1739
1740
1742
1743
1744
1745
1746
1748
1749
1750
1751
1752
1754
1755
1758
1764
1770
1776
1782
1783
1784
1785
1788
1789
1790
1791
1803
1809
1815
3880
3881
3882
3883
3884
3885
3886
3887
3888
3889
3890
3891
3894
3896
3900
3902
3904
3905
3906
3907
3908
3909
3910
3911
3912
3913
3914
3915
3916
3917
3918
3920
3921
3922
3923
3924
3926
3927
3928
3929
3930
3932
3933
3936
3940
3941
3942
3943
3944
3945
3946
3947
3948
3949
3950
3951
3954
3956
3960
3962
3964
3965
3966
3967
3968
3969
3970
3971
3972
3973
3974
3975
3976
3977
3978
3980
3981
3982
3983
3984
3986
3987
3988
3989
3990
3992
3993
3994
3995
3996
3998
3999
4000
4001
4002
4006
4007
4008
4018
4019
4020
4022
4023
4024
4025
4026
4028
4029
4030
4031
4032
4033
4034
4036
4037
4038
4039
4040
4042
4043
4044
4045
4046
4047
4048
4049
4050
4051
4052
4053
4054
4055
4056
4057
4058
4059
4060
4061
4062
4064
4065
4070
4076
4081
4084
4085
4088
4089
4090
4091
4094
4095
4096
4097
4099
4100
4102
4103
4106
4107
4108
4109
4112
4113
4114
4115
4118
4119
4120
4121
4124
4125
4126
4127
4130
4131
4132
4133
4136
4137
4138
4139
4142
4143
4144
4145
4148
4149
4150
4151
4154
4155
4156
4157
4159
4160
4190
4196
4202
4208
4214
4220
4225
4232
4238
4244
4250
4252
4253
4254
4258
4259
4260
4264
4265
4270
4271
4276
4277
4282
4283
4288
4289
4292
4293
4294
4295
4298
4299
4300
4301
4304
4305
4306
4307
4310
4311
4312
4313
4314
4315
4316
4317
4318
4319
4320
4321
4322
4323
4324
4325
4326
4327
4328
4329
4330
4331
4332
4333
4334
4335
4336
4337
4338
4339
4340
4341
4342
4343
4344
4345
4346
4349
4350
4351
4352
4353
4354
4355
4356
4357
4358
4359
4360
4361
4362
4363
4364
4365
4366
4367
4368
4369
4370
4371
4372
4373
4374
4375
4376
4377
4378
4379
4380
4381
4382
4383
4384
4385
4386
4387
4388
4389
4390
4391
4392
4393
4394
4397
4398
4399
4400
4401
4402
4403
4404
4405
4406
4407
4408
4409
4410
4411
4412
4413
4414
4415
4416
4417
4418
4419
4420
4421
4422
4423
4424
4425
4426
4427
4428
4429
4430
4431
4432
4433
4434
4435
4436
4437
4438
4439
4440
4441
4442
4445
4446
4447
4448
4449
4450
4451
4452
4453
4454
4455
4456
4457
4458
4459
4460
4461
4462
4463
4464
4465
4466
4467
4468
4469
4470
4471
4472
4473
4474
4475
4476
4477
4478
4479
4480
4481
4482
4483
4484
4485
4486
4487
4488
4489
4490
4493
4494
4495
4496
4497
4498
4499
4500
4501
4502
4503
4504
4505
4506
4507
4508
4509
4510
4511
4512
4513
4514
4515
4516
4517
4518
4519
4520
4521
4522
4523
4524
4525
4526
4527
4528
4529
4530
4531
4532
4533
4534
4535
4536
4537
4538
4541
4542
4543
4544
4545
4546
4547
4548
4549
4550
4551
4552
4553
4554
4555
4556
4557
4558
4559
4560
4561
4562
4563
4564
4565
4566
4567
4568
4569
4570
4571
4572
4573
4574
4575
4576
4577
4578
4579
4580
4581
4582
4583
4584
4585
4586
4589
4590
4591
4592
4593
4594
4595
4596
4597
4598
4599
4600
4601
4603
4604
4605
4606
4607
4609
4610
4611
4612
4613
4615
4616
4617
4618
4619
4621
4622
4623
4624
4625
4627
4628
4629
4630
4631
4633
4634
4637
4638
4641
4642
4643
4646
4648
4649
4651
4652
4653
4654
4655
4657
4658
4659
4660
4661
4663
4664
4665
4666
4667
4669
4670
4671
4672
4673
4675
4677
4678
4679
4681
4682
4685
4686
4690
4691
4694
4696
4699
4700
4701
4702
4705
4706
4707
4708
4711
4712
4713
4714
4717
4718
4719
4720
4723
4724
4725
4726
4729
4730
4733
4737
4738
4742
4744
4749
4750
4755
4756
4761
4762
4767
4768
4773
4774
4781
4786
4792
4793
4794
4795
4796
4797
4798
4799
4800
4801
4802
4803
4804
4805
4806
4807
4808
4809
4810
4811
4812
4813
4814
4815
4816
4817
4818
4819
4820
4821
4822
4823
4824
4825
4826
4827
4828
4829
4830
4831
4832
4833
4834
4835
4836
4837
4838
4839
4840
4841
4842
4843
4844
4845
4846
4847
4848
4849
4850
4851
4852
4853
4854
4855
4856
4857
4858
4859
4860
4861
4862
4863
4864
4865
4866
4867
4868
4869
4870
4871
4872
4873
4874
4877
4878
4879
4880
4881
4882
4883
4884
4885
4886
4887
4888
4889
4890
4891
4892
4893
4894
4895
4896
4897
4898
4899
4900
4901
4902
4903
4904
4905
4906
4907
4908
4909
4910
4911
4912
4913
4914
4915
4916
4917
4918
4919
4920
4921
4922
4925
4926
4927
4928
4929
4930
4931
4932
4933
4934
4935
4936
4937
4938
4939
4940
4941
4942
4943
4944
4945
4946
4947
4948
4949
4950
4951
4952
4953
4954
4955
4956
4957
4958
4959
4960
4961
4962
4963
4964
4965
4966
4967
4968
4969
4970
4973
4974
4975
4976
4977
4978
4979
4980
4981
4982
4983
4984
4985
4986
4987
4988
4989
4990
4991
4992
4993
4994
4995
4996
4997
4998
4999
5000
5001
5002
5003
5004
5005
5006
5007
5008
5009
5010
5011
5012
5013
5014
5015
5016
5017
5018
5021
5022
5023
5024
5025
5026
5027
5028
5029
5030
5031
5032
5033
5034
5035
5036
5037
5038
5039
5040
5041
5042
5043
5044
5045
5046
5047
5048
5049
5050
5051
5052
5053
5054
5055
5056
5057
5058
5059
5060
5061
5062
5063
5064
5065
5066
5069
5070
5071
5072
5073
5074
5075
5076
5077
5078
5079
5080
5082
5083
5084
5085
5086
5088
5089
5090
5091
5092
5094
5095
5096
5097
5098
5100
5101
5102
5103
5104
5106
5107
5108
5109
5110
5112
5113
5114
5117
5119
5121
5122
5124
5126
5128
5130
5131
5132
5133
5134
5136
5137
5138
5139
5140
5142
5143
5144
5145
5146
5148
5149
5150
5151
5152
5154
5155
5156
5157
5158
5160
5161
5162
5165
5167
5169
5170
5172
5174
5176
5178
5179
5180
5181
5182
5184
5185
5186
5187
5188
5190
5191
5192
5193
5194
5196
5197
5198
5199
5200
5202
5203
5204
5205
5206
5208
5209
5210
5213
5215
5217
5218
5220
5222
5224
5226
5227
5228
5229
5230
5232
5233
5234
5235
5236
5238
5239
5240
5241
5242
5244
5245
5246
5247
5248
5250
5251
5252
5253
5254
5256
5257
5258
5261
5263
5265
5266
5268
5270
5277
5283
5289
5295
5301
5307
5313
5319
5325
5331
5335
5336
5337
5341
5342
5343
5347
5348
5349
5353
5354
5355
5359
5360
5361
5365
5366
5367
5371
5372
5373
5377
5378
5379
5383
5384
5385
5389
5390
5391
5392
5395
5398
5401
5404
5407
5410
5412
5416
5419
5422
5425
5428
5431
5434
5436
5440
5443
5446
5449
5452
5455
5458
5460
5464
5467
5470
5473
5476
5479
5482
5484
5488
5491
5494
5497
5500
5503
5506
5508
5512
5515
5518
5521
5524
5527
5530
5532
5536
5537
5538
5539
5540
5541
5542
5543
5544
5545
5546
5547
5548
5549
5550
5551
5552
5553
5554
5556
5557
5559
5560
5563
5565
5566
5569
5571
5572
5575
5577
5584
5587
5589
5590
5593
5595
5596
5599
5601
5602
5604
5605
5607
5608
5611
5613
5614
5617
5619
5620
5623
5625
5626
5628
5631
5632
5635
5637
5638
5641
5643
5644
5647
5649
5650
5652
5655
5656
5659
5661
5662
5665
5667
5668
5671
5673
5674
5676
5679
5683
5685
5689
5691
5695
5697
5700
5703
5707
5709
5713
5715
5719
5721
5724
5727
5731
5733
5737
5739
5743
5745
5748
5751
5755
5757
5761
5763
5767
5769
5772
5775
5779
5780
5785
5786
5792
5799
5805
5810
5817
5823
5829
5835
5841
5846
5853
5859
5865
5871
5876
5882
5888
5894
5900
5906
5913
5918
5925
5931
5937
5943
5944
5945
5946
5947
5948
5949
5950
5952
5953
5962
5964
5965
5967
5968
5969
5970
5971
5972
5973
5974
5975
5976
5977
5978
5979
5980
5982
5984
5986
5988
5990
5992
5994
5995
5996
5997
5998
5999
6000
6001
6002
6003
6004
6005
6006
6007
6008
6009
6010
6011
6012
6013
6014
6015
6016
6017
6018

Column: padre_curso_id
------------------------------
204
205
206
207
210
211
212
213
214
215
216
217
219
220
221
222
225
226
227
228
229
242
243
248
249
254
255
256
257
258
259
260
262
263
264
265
311
312
314
315
316
322
323
324
325
326
327
328
329
330
331
332
333
334
335
336
337
340
348
349
350
351
352
354
355
356
357
358
359
360
361
363
364
365
366
384
387
388
391
393
395
398
399
402
404
406
407
408
410
411
412
413
414
415
417
418
419
420
421
422
423
424
425
426
437
438
439
440
441
442
443
444
445
447
448
450
451
452
453
470
500
501
502
503
504
640
693
694
695
696
762
764
766
767
768
769
770
771
772
773
774
775
776
782
783
784
785
786
787
788
789
790
791
847
848
849
850
851
852
853
854
855
856
857
864
887
888
889
890
891
892
893
894
895
896
897
898
903
908
909
910
911
912
913
914
916
917
918
928
929
930
931
932
933
1016
1017
1018
1019
1020
1021
1032
1040
1043
1122
1123
1124
1125
1126
1127
1134
1135
1136
1137
1138
1139
1170
1229
1240
1245
1246
1248
1266
1273
1290
1296
1302
1309
1310
1311
1312
1313
1337
1338
1339
1340
1341
1342
1362
1363
1364
1365
1366
1369
1370
1372
1373
1378
1380
1381
1385
1386
1387
1388
1389
1400
1414
1415
1416
1417
1418
1463
1466
1467
1469
1477
1496
1508
1515
1516
1527
1554
1555
1579
1580
1589
1590
1623
1624
1635
1636
1652
1661
1665
1666
1667
1676
1686
1688
1699
1708
1710
1711
1712
1713
1720
1722
1723
1724
1725
1734
1736
1744
1745
1746
1749
1758
1770
1782
1783
1784
1785
1809
3880
3881
3882
3883
3884
3885
3894
3896
3904
3905
3906
3907
3908
3909
3916
3917
3918
3920
3921
3928
3929
3930
3932
3933
3942
3954
3966
3978
4044
4190
4312
4313
4314
4315
4316
4317
4363
4408
4409
4410
4411
4412
4413
4459
4504
4505
4506
4507
4508
4509
4555
4600
4601
4603
4604
4605
4651
4696
4699
4700
4701
4792
4793
4794
4795
4796
4797
4827
4843
4888
4889
4890
4891
4892
4893
4939
4984
4985
4986
4987
4988
4989
5035
5080
5082
5083
5084
5085
5131
5176
5178
5179
5180
5181
5227
5277
5335
5336
5337
5365
5392
5416
5440
5464
5488
5512
5537
5538
5540
5876
5995
5996
5997
5999
6000
6010
6016

Column: tipo
------------------------------
0
1

Column: shortname
------------------------------
SAYM3032-1-025-N1N1N1
SAYM3031-1-025-N1N1N1
SAYM3033-1-025-N1N1N1
SAYM3042-1-025-N1N1
SAYM3061-1-025-N1N1N1
FYB0801-1-023-M1M2
FYB0801-1-023-M3M4
FYB0801-1-023-N3N4
CTT0801-1-023-M1M2
CTT0801-1-023-M3M4
CTT0801-1-023-N3N4
FYB0802-1-023-M1M2
FYB0802-1-023-M3M4
FYB0802-1-023-N3N4
CTT0902-1-023-M1M2
CTT0902-1-023-M3M4
CTT0902-1-023-N1N2
CTT0902-1-023-N3N4
CTT0801-1-023-N1N2
SCYF3043-1-025-N1N1N1
SCYF3041-1-025-N1N1N1
SANI3044-1-025-N1N1
SCYF3052-1-025-N1N1N1
SCYF3051-1-025-N1N1N1
SCYF3053-1-025-N1N1N1
SANI3063-1-025-N1N1
CIN0801-1-023-N1N1N1
CTT0802-1-023-N1N1N1
CIN0901-1-023-N1N1N1
CTT0901-1-023-N1N1N1
CIN0902-1-023-N1N1N1
CYF01001-1-023-N1N1N1
CTT1001-1-023-N1N1N1
SENF3033-1-025-M1M2
SENF3033-1-025-N1N2
SCYF3062-1-025-N1N1N1N1N1N1
SFBQ3051-1-025-M1M2
SFBQ3051-1-025-N1N2
SFBQ3052-1-025-M1M2
SFBQ3053-1-025-M1M2
SFBQ3054-1-025-M1M2
SFBQ3055-1-025-M1M2
SFBQ3061-1-025-M1M2
SFBQ3061-1-025-N1N2
SFBQ3062-1-025-M1M2
SFBQ3062-1-025-N1N2
SFBQ3063-1-025-M1M2
SFBQ3063-1-025-N1N2
SFBQ3064-1-025-M1M2
SFBQ3064-1-025-N1N2
SENF3032-1-025-M1M2
SENF3031-1-025-M1M2
SENF3032-1-025-N1N2
SENF3031-1-025-N1N2
SENF3043-1-025-M1M2
SENF3043-1-025-N1N2
SCTS3041-1-025-M1M2
SCTS3041-1-025-N1N2
SFBQ3071-1-025-M1M2
SFBQ3071-1-025-N1N2
SFBQ3072-1-025-M1M2
SFBQ3072-1-025-N1N2
SFBQ3073-1-025-M1M2
SFBQ3073-1-025-N1N2
FYB0803-1-023-M1M2
FYB0803-1-023-N1N2
SENF3041-1-025-M1M2
SENF3041-1-025-N1N2
SCTS3051-1-025-N1N2
CTS0802-1-023-M1M2
CTS0802-1-023-N1N2
FYB0802-1-023-N1N2
FYB0801-1-023-N1N2
SENF3054-1-025-M1M2
SENF3054-1-025-N1N2
SENF3064-1-025-M1M2
SCTS3061-1-025-M1M2
SCTT3071-1-025-M1M2
SFBQ3065-1-025-M1M2
SFBQ3065-1-025-N1N2
SCTT3072-1-025-M1M2
SCTT3072-1-025-N1N2
FYB0903-1-023-M1M2
FYB0903-1-023-N1N2
FYB0902-1-023-M1M2
FYB0902-1-023-N1N2
FYB0901-1-023-M1M2
FYB0901-1-023-N1N2
FYB0904-1-023-M1M2
FYB0904-1-023-N1N2
CTT0902-1-023-N1N1N1
SENF3063-1-025-M1M2
SCTS3031-1-025-M1M2
SCTS3031-1-025-N1N2
SENF3042-1-025-M1M2
SENF3042-1-025-N1N2
SENF3051-1-025-M1M2
SENF3051-1-025-N1N2
SENF3061-1-025-M1M2
SENF3062-1-025-M1M2
SENF3064-1-025-N1N2
SENF3063-1-025-N1N2
SENF3061-1-025-N1N2
SCTS3061-1-025-N1N2
SENF3062-1-025-N1N2
SENF3061-1-025-N3N4
SCTS3061-1-025-N3N4
SENF3064-1-025-N3N4
SENF3063-1-025-N3N4
SENF3062-1-025-N3N4
SENF3072-1-025-M1M2
SENF3072-1-025-M3M4
SENF3071-1-025-M3M4
SENF3071-1-025-M1M2
SCTT3071-1-025-M3M4
SCTS3061-1-025-M3M4
SENF3064-1-025-M3M4
SENF3061-1-025-M3M4
SENF3062-1-025-M3M4
SENF3071-1-025-N1N2
SENF3071-1-025-N3N4
SCTT3071-1-025-N3N4
SCTT3072-1-025-N3N4
ENF0801-1-023-M1M2
CTT0902-1-023-N2N3
ENF0801-1-023-N2N3
CTT0803-1-023-N2N3
ENF01001-1-023-N1N2
SANI3071-1-025-N1N1N1
SCTT3071-1-025-N1N1N1N1N1
SENF3052-1-025-M1M2
SENF3053-1-025-M1M2
SENF3052-1-025-N1N2
SENF3053-1-025-N1N2
SCTS3061-1-025-N1N1
SCTS3071-1-025-M1M2
SENF3072-1-025-N1N2
SCTT3071-1-025-N1N2
SCTS3071-1-025-N1N2
ENF0802-1-023-M1M2
CTT0803-1-023-M1M2
CTS0802-1-023-N2N3
ENF0802-1-023-N2N3
ENF01001-1-023-M1M2
SENF3065-1-025-M1M2
SENF3065-1-025-M3M4
SENF3065-1-025-N1N2
SENF3065-1-025-N3N4
SCTS3051-1-025-M1M2
CTT0902-1-023-N1N1
SCTT3071-1-025-N1N2-2
PENF5031-1-025-M1M2
PENF5032-1-025-M1M2
PENF5033-1-025-M1M2
PCTS5031-1-025-M1M2
SCTT3072-1-025-N1N1N1
PESG5032-1-025-M1M2
PFBQ5042-1-025-M1M2
PFBQ5045-1-025-N1N2
PFBQ5043-1-025-N1N2
PFBQ5041-1-025-N1N2
PFBQ5042-1-025-N1N2
PFBQ5044-1-025-M1M2
PFBQ5043-1-025-M1M2
PFBQ5041-1-025-M1M2
PENF5042-1-025-M1M2
PENF5041-1-025-M1M2
PCTS5041-1-025-M1M2
PENF5043-1-025-M1M2
SENF3032-1-025-D3D4
SENF3032-1-025-D5D6
SENF3032-1-025-N3N4
PENF5032-1-025-N1N2
SENF3063-1-025-M3M4
SENF3072-1-025-N3N4
SCTS3071-1-025-N3N4
SCTS3071-1-025-M3M4
SCTT3072-1-025-M3M4
SFBQ3042-1-025-M1M2
SFBQ3042-1-025-N1N2
SFBQ3041-1-025-N1N2
PENF5042-1-025-N1N2
PCTS5041-1-025-N1N2
PENF5041-1-025-N1N2
PENF5043-1-025-N1N2
SFBQ3051-1-025-M3M4
SFBQ3052-1-025-M3M4
SFBQ3053-1-025-M3M4
SFBQ3054-1-025-M3M4
SFBQ3055-1-025-M3M4
SFBQ3052-1-025-N1N3
SFBQ3052-1-025-N2N4
SFBQ3054-1-025-N2N4
SFBQ3051-1-025-N3N4
FYB0803-1-023-N3N4
FYB0803-1-023-M3M4
CTS0802-1-023-N3N4
CTS0802-1-023-M3M4
SFBQ3055-1-025-N1N3
SFBQ3055-1-025-N2N4
SFBQ3053-1-025-N1N3
PENF5031-1-025-N1N2
PENF5033-1-025-N1N2
PCTS5031-1-025-N1N2
SFBQ3053-1-025-N2N4
SFBQ3054-1-025-N1N3
PFBQ5031-1-025-N3N4
PFBQ5031-1-025-M3M4
SFBQ3042-1-025-M3M4
SFBQ3063-1-025-N3N4
SFBQ3065-1-025-N3N4
SFBQ3061-1-025-N3N4
SFBQ3064-1-025-N3N4
SFBQ3062-1-025-N3N4
SFBQ3063-1-025-M3M4
SFBQ3065-1-025-M3M4
SFBQ3061-1-025-M3M4
SFBQ3064-1-025-M3M4
SFBQ3062-1-025-M3M4
SFBQ3041-1-025-M3M4
SFBQ3041-1-025-N3N4
CTT0802-1-023-M1M2
CTT0802-1-023-M3M4
CTT0802-1-023-N3N4
FYB0903-1-023-M3M4
FYB0903-1-023-N3N4
FYB0904-1-023-N3N4
FYB0904-1-023-M3M4
FYB0901-1-023-N3N4
FYB0901-1-023-M3M4
FYB0902-1-023-N3N4
FYB0902-1-023-M3M4
SFBQ3063-1-025-N5N6
SFBQ3065-1-025-N5N6
SFBQ3061-1-025-N5N6
SFBQ3064-1-025-N5N6
SCTS3061-1-025-N5N6
SFBQ3062-1-025-N5N6
SFBQ3063-1-025-M5M6
SFBQ3065-1-025-M5M6
SFBQ3061-1-025-M5M6
SFBQ3064-1-025-M5M6
SCTS3061-1-025-M5M6
SFBQ3062-1-025-M5M6
SFBQ3042-1-025-M5M6
SFBQ3042-1-025-N5N6
SFBQ3041-1-025-M5M6
SFBQ3073-1-025-N3N4
SFBQ3072-1-025-N3N4
SFBQ3071-1-025-N3N4
ENF0802-1-023-N3N4
ENF0801-1-023-N3N4
PFBQ5031-1-025-N5N1
SENF3054-1-025-N3N4
ENF0801-1-023-M3M4
PENF5031-1-025-M3M4
PENF5031-1-025-N3N4
SENF3032-1-025-N5N6
STML2053-1-025-N1M1
STML2054-1-025-N1M1
STML2051-1-025-N1M1
STML2052-1-025-N1M1
STML2055-1-025-N1M1
SENF3064-1-025-N5N6
CTT0802-1-023-N1N2
SESG3032-1-025-M1 SPM2 SP
SFBQ3031-1-025-M1 SPM2 SP
SCTS3031-1-025-M1 SPM2 SP
SFBQ3032-1-025-M1 SPM2 SP
SFBQ3033-1-025-M1 SPM2 SP
SESG3032-1-025-N1 SPN2 SP
SFBQ3031-1-025-N1 SPN2 SP
SCTS3031-1-025-N1 SPN2 SP
SFBQ3032-1-025-N1 SPN2 SP
SFBQ3033-1-025-N1 SPN2 SP
SFBQ3043-1-025-M1 SPM2 SP
SFBQ3044-1-025-M1 SPM2 SP
SFBQ3042-1-025-N1 SPN2 SP
SFBQ3043-1-025-N1 SPN2 SP
SFBQ3045-1-025-N1 SPN2 SP
SFBQ3031-1-025-M3 SPM4 SP 
SFBQ3031-1-025-N3 SPN4 SP
SENF3063-1-025-M5M6
SENF3031-1-025-D1D2
SENF3032-1-025-D1D2
SENF3033-1-025-D1D2
SCTS3031-1-025-D1D2
-
CTT0801-1-023-N1N1
SENF3064-1-025-M5M6
SENF3063-1-025-N5N6
SENF3052-1-025-N3N4
SFBQ3041-1-025-M1M2M2 SP
PFBQ5045-1-025-M1M2M2 SP
SFBQ3042-1-025-N3N4M2 SP
SCTT3071-1-025-N5N6
PFBQ5044-1-025-N1N2N1 SPN2 SP
SFBQ3041-1-025-N5N6N1 SPN2 SP
SNYD3042-1-025-M1M1
PCTS5022-1-025-NP11NS11NP11NS11NS11
PENF5011-1-025-MP1MS1
PENF5011-1-025-MP2MS2
PCTS5022-1-025-NP12NS12NP12NS12NS12
PENF5011-1-025-NP1NS1
PENF5011-1-025-NP2NS2
PENF5011-1-025-NP3NP3
PFBQ5011-1-025-MP1MS1
PFBQ5011-1-025-MP2MS2
PFBQ5011-1-025-NP1NS1
PFBQ5011-1-025-NP2NS2
PESG5024-1-025-MP1MS1MP1MS1MS1MS1MS1MS1MS1MS1MS1MS1
PESG5014-1-025-MP1MS1MP1MS1MS1MS1MP1
PESG5014-1-025-NP1NS1NS1NP1NS1NS1NP1NS1NS1NS1NS1
SAYM3011-1-025-NS1NS1NS1
PESG5011-1-025-MP1MS1MS1MP1MS1MS1MP1
PESG5011-1-025-MP2MS2MP2MS2MS2MS2MP2

PESG5011-1-025-NP3NS3NS3NS3NS3NS3NS3NP3NS3NS3NS3NP3
SESG3021-1-025-NS1NS1NS1NS1
SESG3021-1-025-MS1MS1
SESG3021-1-025-NS1NS1
SESG3024-1-025-SS1SP1SP2SS2
SESG3022-1-025-SS1SP1SP2SS2
SESG3023-1-025-SS1SP1SP2SS2
SCTS3021-1-025-SS1SS2SP1SP2
SCTS3022-1-025-SS1SS2SP1SP2
PESG5021-1-025-SP1SS1
PESG5021-1-025-SP2SS2
SESG3022-1-025-MS1MS1MS1MS1
SESG3022-1-025-MS2MS2MS2MS2
SESG3022-1-025-MS3MS3MS3MS3
SESG3022-1-025-MS4MS4MS4MS4
SESG3022-1-025-MS5MS5MS5MS5
SESG3022-1-025-MS6MS6MS6MS6
