==============================
Table: horario
==============================

Column: id
------------------------------
2039
2040
2041
2042
2043
2044
2651
2689
1227
1228
1235
1561
1862
1863
1864
223
226
227
1464
2034
2818
2992
2993
13
15
16
17
18
19
2758
2759
2760
2761
2762
2763
2775
2776
2777
2778
2779
2780
2781
2782
2783
976
978
997
998
1002
1003
1699
2584
2585
2494
2495
2496
2497
2498
2499
2500
2503
2504
2505
2506
2509
2510
2511
2512
2513
2514
2515
2390
2391
2394
2395
2399
2400
2401
2402
2403
267
268
2766
2767
2768
2769
2770
2771
2772
2773
2774
375
974
993
994
995
996
1830
1831
2155
2156
6
7
9
10
1592
1593
1697
2796
2797
214
215
323
2694
2695
2915
2916
324
371
372
251
497
603
2899
255
518
530
2820
2953
2954
1651
2755
2947
2948
496
504
604
2898
236
517
529
2821
2951
2952
1650
2756
2945
2946
101
102
106
107
1627
1628
2765
123
2243
2244
124
1541
1542
31
41
343
344
345
347
1012
2764
2530
36
38
253
254
256
360
2531
235
257
293
491
2032
2033
2532
1384
1385
1388
1652
1653
1654
2467
2501
2533
1391
1392
1393
1394
1396
1397
1637
1638
81
82
406
2535
2858
2859
2877
419
423
1117
2845
144
439
446
2835
2880
2881
155
156
605
1085
1086
2890
2891
136
387
405
2537
2856
2857
2876
408
420
1602
2846
173
174
441
1475
2837
2884
2885
240
241
242
244
607
2888
2889
248
586
1916
2036
2990
2991
418
421
1119
2844
171
440
445
1601
2836
2882
2883
216
219
606
1087
1088
2886
2887
2261
2337
2339
2696
2340
2345
2697
2986
2109
2110
2111
2112
2121
2122
2115
2116
2117
2118
2119
2326
666
667
675
983
984
2323
2745
670
679
680
988
989
2333
2712
1187
1415
1416
1418
1419
1420
1421
2253
2286
1895
1896
2924
2925
1903
1904
1905
1906
631
767
811
813
840
848
854
858
2516
771
872
874
875
877
879
2328
2893
43
52
54
55
67
68
519
555
2691
380
381
382
384
1300
1304
1618
1714
1715
279
2466
33
56
272
273
275
277
1010
44
297
298
299
302
304
1603
1604
1605
1606
1607
1608
1634
1635
1310
1311
1318
1319
1320
1321
1322
1323
2011
2012
1781
1782
1783
1784
1788
1790
1867
1868
2013
2014
1265
1460
1461
1463
2277
2318
259
260
270
280
292
773
776
780
224
225
329
888
910
911
915
916
42
53
303
306
307
1011
341
342
348
1009
2634
2636
2068
2069
2070
2470
2747
2749
1664
1665
1666
1671
1672
1673
1696
1894
2752
1805
1806
1810
1811
1812
1817
1818
1954
1955
1959
1966
2335
2705
2706
1741
1742
1879
1880
1881
1883
1884
1885
2931
2932
1761
1762
1763
1764
1765
1766
1767
1768
2959
2960
803
804
1158
1386
1387
1389
1390
2692
2753
786
807
808
1164
1165
1405
1406
1407
1408
820
821
965
966
1171
1172
1183
1184
1414
923
1216
1217
1231
1232
1552
1553
1660
1661
630
686
1985
1986
2047
2048
2052
2053
2093
2094
633
769
832
834
836
844
856
860
2903
761
814
869
883
884
887
2327
2879
69
70
71
77
78
79
80
386
564
2904
49
51
284
285
287
288
289
290
291
1266
1465
1466
1467
2278
2319
1272
1278
1469
1470
2280
2320
261
262
269
281
294
774
777
778
228
229
889
912
913
914
917
918
2077
2078
2083
2085
2748
2750
1675
1676
1680
1681
1682
1683
1684
1685
1695
1813
1815
1816
1820
1967
2703
2704
1753
1754
1757
1889
1890
1891
1892
2935
2936
2994
1771
1772
1774
1775
1776
1777
1779
1780
2961
2962
2127
2129
2130
2141
2699
2700
2133
2135
2136
2138
2325
2698
668
677
678
985
986
1378
2746
672
999
1060
1379
2334
805
806
1160
1401
1402
1403
1404
2693
2754
787
809
1166
1167
1409
1410
1411
1412
1413
822
1175
1178
1179
1182
1185
1186
2251
2256
924
1218
1221
1233
1433
1434
1551
2265
2284
1899
1900
2926
2927
1907
1908
1909
1910
641
687
1975
1976
1979
1980
2045
2046
2097
2098
634
770
833
835
838
845
857
861
2905
764
815
881
882
885
886
2330
2878
772
871
873
876
880
2223
2329
2892
1524
1525
1529
2663
1533
2918
1516
1535
339
788
789
791
794
796
798
800
332
896
897
898
904
905
908
909
309
310
321
313
314
325
1435
1436
1437
1438
1439
1440
1441
1442
1559
629
635
638
643
645
647
649
650
651
681
1523
1530
2662
1534
2917
1515
1536
340
775
790
792
793
797
799
801
895
899
900
901
902
903
906
907
311
312
322
315
316
326
1189
1423
1425
1426
1427
1428
1429
2260
2737
1449
1450
1452
1454
1455
1456
1558
2267
2285
636
637
639
644
646
648
682
683
684
685
632
768
812
825
841
847
849
855
859
1273
1279
1472
1474
2281
2321
2164
2146
2151
2379
2380
2381
2382
2388
2872
333
2358
2364
2366
2367
2371
2372
2639
317
318
2442
2443
1205
1207
1209
1213
1214
1852
1854
1857
2710
1257
1258
1261
1263
1563
1865
1866
2239
2241
2937
2938
2051
2054
2055
2066
2072
2073
2076
2084
2095
2096
2211
2212
2214
2217
2218
2219
2220
2221
2222
2421
2425
2426
2429
2431
2432
2652
2873
2190
2192
2193
2194
2195
2196
2198
2199
2200
1206
1208
1211
1215
1853
1858
1860
2254
2743
1259
1262
1264
1562
1871
1872
2742
2224
2225
2226
2228
2229
2230
2231
2232
2233
2201
2203
2204
2205
2206
2207
2208
2209
2210
193
1341
2035
2822
2988
2989
495
602
2897
516
528
531
2819
2949
2950
1649
2757
2943
2944
130
404
2536
2854
2855
2875
330
2347
2348
2349
2350
2351
2352
2538
331
2353
2354
2355
2356
2357
2471
2539
334
2373
2374
2375
2376
2377
2378
2640
263
264
282
295
2144
2289
2290
2901
265
266
283
296
2145
2288
2291
2900
2150
2152
2383
2384
2385
2386
2387
2871
319
320
1969
1970
1971
1972
1989
1990
1991
1992
1993
1994
1995
1996
1997
1998
1999
2000
2001
2002
2003
2004
2087
2088
2099
2100
2101
2103
2106
1229
1230
1236
1560
1875
1876
1877
1237
1239
1247
1248
1848
1849
2263
1238
1241
1245
1246
1249
1250
1850
2252
2258
1698
1700
1824
2709
1825
2324
1828
1832
2642
1829
1833
1836
2322
1837
2331
2159
2359
2161
2162
2163
2168
2171
2172
2236
2238
2240
2242
2939
2940
2169
2170
2235
2237
2423
2424
2427
2428
2430
2433
2653
2874
2300
2301
2472
2473
2910
2911
2474
2475
2912
2913
2368
2369
2370
2923
2389
2392
2396
2405
2407
2408
2409
2410
2411
2414
2417
2418
2412
2415
2416
2419
2521
2523
2967
2968
2517
2519
2969
2970
2434
2435
2436
2437
2439
2908
2909
2957
2440
2906
2907
2958
2647
2649
2648
2741
2919
2920
2921
2922
2444
2445
2446
2447
2542
2543
2544
2545
2546
2547
2548
2549
2550
2551
2553
2554
2555
2556
2557
2558
2559
2914
2566
2567
2568
2569
2570
2571
2572
2573
2574
2575
2576
2577
2578
2579
2580
2581
2582
2583
2592
2593
2594
2595
2600
2601
2602
2603
2929
2930
2933
2934
2941
2942
2606
2607
2612
2613
2614
2615
2963
2971
2972
2987
2616
2617
2620
2621
2622
2623
2965
2966
2973
2974
2626
2627
2628
2629
2630
2631
2632
2633
2664
2665
2666
2668
2669
2670
2677
2678
2679
2680
2681
2682
2684
2685
2686
2687
2688
2751
2784
2785
2786
2787
2788
2789
2790
2791
2792
2793
2902
2955
2956
2976
2977
2978
2979
2980
2981
2982
2983
2984
3172
3173
3174
3175
3140
3141
3162
3163
3164
3165
3166
3167
3176
3177
3178
3179
3841
3842
3800
3801
3791
3792
3793
3794
3226
3227
3228
3229
4653
3721
3722
3723
3724
4654
3218
3219
3220
3221
4655
3222
3223
3224
3225
4656
3230
3231
3232
3233
4657
3835
3836
4658
3802
3803
4659
3796
3797
3798
3799
4660
3245
3274
3316
3336
3337
3338
3339
3866
3246
3275
3318
3340
3341
3342
3343
3867
3234
3247
3265
3276
3282
3283
3317
3868
3248
3277
3319
3332
3333
3334
3335
3869
3249
3278
3320
3344
3345
3346
3347
3870
3250
3279
3321
3837
3838
3871
3251
3280
3322
3826
3827
3872
3252
3281
3323
3818
3819
3820
3821
3873
3257
3266
3324
3368
3369
3370
3371
3874
3258
3267
3326
3372
3373
3374
3375
3875
3259
3268
3325
3348
3349
3350
3351
3876
3260
3269
3327
3364
3365
3366
3367
3877
3261
3270
3328
3376
3377
3378
3379
3878
3262
3271
3329
3839
3840
3879
3263
3272
3330
3828
3829
3880
3264
3273
3331
3822
3823
3824
3825
3881
3911
3933
3957
3977
3978
3979
3980
4009
3912
3935
3958
3981
3982
3983
3984
4010
3913
3934
3959
3973
3974
3975
3976
4011
3914
3931
3932
3936
3955
3956
3960
4012
3915
3937
3961
3985
3986
3987
3988
4013
3916
3938
3962
3989
3990
4014
3917
3939
3963
3991
3992
4015
3918
3940
3964
3995
3996
3997
3998
4016
3923
3941
3965
3999
4000
4001
4002
4021
3924
3943
3966
4017
4018
4019
4020
4022
3925
3942
3967
4023
4033
4034
4035
4036
3926
3944
3968
4024
4029
4030
4031
4032
3927
3945
3969
4025
4037
4038
4039
4040
3928
3946
3970
4026
4041
4042
3929
3947
3971
4027
4043
4044
3930
3948
3972
4028
4045
4046
4047
4048
3496
3497
3498
3499
3709
4551
4574
4594
3500
3501
3502
3503
3710
4552
4575
4596
3380
3381
3440
3441
3711
4553
4576
4595
3492
3493
3494
3495
3712
4554
4577
4597
3504
3505
3506
3507
3713
4555
4578
4598
3714
3843
3844
4556
4579
4599
3692
3693
3716
4557
4580
4600
3694
3695
3705
3707
3715
4558
4581
4601
3528
3529
3530
3531
3882
4562
4586
4606
3532
3533
3534
3535
3883
4563
4587
4608
3508
3509
3522
3523
3884
4564
4588
4607
3524
3525
3526
3527
3885
4565
4589
4609
3536
3537
3538
3539
3886
4566
4590
4610
3845
3846
3887
4567
4591
4611
3804
3805
3888
4568
4592
4612
3806
3807
3808
3809
3889
4569
4593
4613
3630
3631
3632
3633
4361
4376
4398
4429
3634
3635
3636
3637
4362
4377
4400
4430
3540
3541
3624
3625
4363
4378
4399
4431
3626
3627
3628
3629
4364
4379
4401
4432
3638
3639
3640
3641
4365
4380
4402
4433
3703
3704
3706
4366
4381
4403
4434
3830
3831
4368
4382
4404
4435
3810
3811
3812
3813
4369
4383
4405
4436
3656
3657
3658
3659
3899
4389
4411
4441
3660
3661
3662
3663
3900
4390
4413
4442
3642
3643
3644
3645
3901
4391
4412
4443
3652
3653
3654
3655
3902
4392
4414
4444
3664
3665
3666
3667
3903
4393
4415
4445
3847
3848
3904
4394
4416
4446
3832
3833
3905
4395
4417
4447
3814
3815
3816
3817
3906
4396
4418
4448
4049
4050
4051
4085
4086
4116
4137
4625
4052
4117
4139
4163
4164
4165
4166
4626
4053
4118
4138
4183
4184
4185
4186
4627
4054
4119
4140
4191
4192
4193
4194
4628
4055
4120
4141
4199
4200
4201
4202
4629
4056
4121
4142
4207
4208
4630
4057
4122
4143
4211
4212
4631
4058
4123
4144
4215
4216
4217
4218
4632
4129
4150
4167
4168
4169
4170
4171
4637
4130
4152
4172
4179
4180
4181
4182
4638
4131
4151
4173
4187
4188
4189
4190
4639
4132
4153
4174
4195
4196
4197
4198
4640
4133
4154
4175
4203
4204
4205
4206
4641
4134
4155
4176
4209
4210
4642
4135
4156
4177
4213
4214
4643
4136
4157
4178
4219
4220
4221
4222
4644
3241
3242
3243
3244
3253
3254
3255
3256
3907
3908
3909
3910
3919
3920
3921
3922
3674
4455
4548
4570
4602
4618
3675
4453
4549
4571
4603
4619
3676
4454
4550
4572
4604
4620
4333
4334
4370
4397
4424
4449
4559
4582
4614
4560
4583
4615
4561
4584
4616
3490
4272
4351
4371
4406
4425
4372
4407
4426
4373
4408
4427
3725
3726
4367
4374
4409
4428
4384
4419
4437
4385
4420
4438
4386
4421
4439
4387
4422
4440
4111
4145
4621
4112
4146
4622
4113
4147
4623
4114
4148
4624
4124
4158
4633
4125
4159
4634
4126
4160
4635
4127
4161
4636
4573
4605
4585
4617
4375
4410
4388
4423
4115
4149
4128
4162
3755
3756
3757
3759
3763
3767
3771
3863
3762
3766
3770
3777
3778
3780
3781
3865
3738
3739
3753
3754
3760
3764
3768
3864
3761
3765
3769
3772
3773
3774
3775
3776

Column: dia
------------------------------
Miércoles
Lunes
Jueves
Martes
Viernes
Sábado

Column: h_inicio
------------------------------
2024-01-03 18:50:00.000
2024-01-03 20:30:00.000
2024-01-03 22:10:00.000
2024-01-03 23:00:00.000
2024-01-01 13:50:00.000
2024-01-01 16:20:00.000
2024-01-01 20:30:00.000
2024-01-01 18:50:00.000
2024-01-04 22:10:00.000
2024-01-04 23:00:00.000
2024-01-02 22:10:00.000
2024-01-03 00:30:00.000
2024-01-02 00:50:00.000
2024-01-02 18:50:00.000
2024-01-05 23:00:00.000
2024-01-04 00:00:00.000
2024-01-01 22:10:00.000
2024-01-04 23:50:00.000
2024-01-05 22:10:00.000
2024-01-06 00:50:00.000
2024-01-02 20:30:00.000
2024-01-02 21:20:00.000
2024-01-01 21:20:00.000
2024-01-05 00:40:00.000
2024-01-05 18:50:00.000
2024-01-05 20:30:00.000
2024-01-03 00:50:00.000
2024-01-04 00:50:00.000
2024-01-01 23:50:00.000
2024-01-03 00:40:00.000
2024-01-04 21:20:00.000
2024-01-01 15:00:00.000
2024-01-01 18:20:00.000
2024-01-01 23:00:00.000
2024-01-02 23:00:00.000
2024-01-02 14:40:00.000
2024-01-04 14:40:00.000
2024-01-07 00:00:00.000
2024-01-07 00:50:00.000
2024-01-03 14:40:00.000
2024-01-06 23:50:00.000
2024-01-03 16:20:00.000
2024-01-04 16:20:00.000
2024-01-03 00:00:00.000
2024-01-02 23:50:00.000
2024-01-01 14:40:00.000
2024-01-02 14:00:00.000
2024-01-02 15:40:00.000
2024-01-02 19:10:00.000
2024-01-06 21:20:00.000
2024-01-05 21:00:00.000
2024-01-04 13:00:00.000
2024-01-05 00:50:00.000
2024-01-06 19:30:00.000
2024-01-05 13:00:00.000
2024-01-05 14:40:00.000
2024-01-06 14:50:00.000
2024-01-06 16:40:00.000
2024-01-02 00:40:00.000
2024-01-02 22:00:00.000
2024-01-02 13:50:00.000
2024-01-06 13:00:00.000
2024-01-01 14:00:00.000
2024-01-01 15:40:00.000
2024-01-04 01:30:00.000
2024-01-03 14:00:00.000
2024-01-03 15:00:00.000
2024-01-03 16:00:00.000
2024-01-03 17:00:00.000
2024-01-03 13:00:00.000
2024-01-02 01:30:00.000
2024-01-03 01:30:00.000
2024-01-06 00:00:00.000
2024-01-04 22:50:00.000
2024-01-05 22:40:00.000
2024-01-02 16:20:00.000
2024-01-04 22:30:00.000
2024-01-05 17:10:00.000
2024-01-06 23:00:00.000
2024-01-03 02:30:00.000
2024-01-02 18:00:00.000
2024-01-02 13:00:00.000
2024-01-01 13:00:00.000
2024-01-01 19:00:00.000
2024-01-01 15:30:00.000
2024-01-02 00:00:00.000
2024-01-02 01:40:00.000
2024-01-07 01:30:00.000
2024-01-03 23:50:00.000
2024-01-06 00:40:00.000
2024-01-04 15:30:00.000
2024-01-05 23:50:00.000
2024-01-05 01:30:00.000
2024-01-04 19:00:00.000
2024-01-03 01:00:00.000
2024-01-05 01:00:00.000
2024-01-06 14:40:00.000
2024-01-06 16:20:00.000
2024-01-06 19:00:00.000
2024-01-06 01:30:00.000
2024-01-04 20:00:00.000
2024-01-05 19:00:00.000
2024-01-03 20:00:00.000
2024-01-03 21:40:00.000
2024-01-02 20:10:00.000
2024-01-02 18:30:00.000
2024-01-05 16:20:00.000
2024-01-05 18:00:00.000
2024-01-02 19:40:00.000
2024-01-05 21:20:00.000
2024-01-03 15:30:00.000
2024-01-03 03:10:00.000
2024-01-01 22:30:00.000
2024-01-05 22:30:00.000
2024-01-05 13:50:00.000
2024-01-06 17:20:00.000
2024-01-03 17:10:00.000
2024-01-06 15:40:00.000
2024-01-05 01:50:00.000
2024-01-03 21:20:00.000
2024-01-04 00:40:00.000
2024-01-01 20:00:00.000
2024-01-02 20:00:00.000
2024-01-02 23:20:00.000
2024-01-03 23:20:00.000
2024-01-04 23:20:00.000
2024-01-03 18:30:00.000
2024-01-01 17:10:00.000
2024-01-01 19:40:00.000
2024-01-04 17:30:00.000
2024-01-06 15:30:00.000
2024-01-06 18:00:00.000
2024-01-04 21:30:00.000
2024-01-06 01:00:00.000
2024-01-06 21:00:00.000
2024-01-02 01:00:00.000
2024-01-04 18:40:00.000
2024-01-06 22:10:00.000
2024-01-06 20:40:00.000
2024-01-04 18:00:00.000
2024-01-02 22:50:00.000
2024-01-04 19:40:00.000
2024-01-04 13:50:00.000
2024-01-02 19:30:00.000
2024-01-03 19:30:00.000
2024-01-02 19:00:00.000
2024-01-04 01:50:00.000
2024-01-03 19:10:00.000
2024-01-02 23:40:00.000
2024-01-03 01:40:00.000
2024-01-01 18:00:00.000
2024-01-04 02:20:00.000
2024-01-03 18:00:00.000
2024-01-05 01:40:00.000
2024-01-03 21:10:00.000
2024-01-01 12:00:00.000
2024-01-04 17:10:00.000
2024-01-02 17:10:00.000
2024-01-05 15:30:00.000
2024-01-03 13:50:00.000
2024-01-05 00:00:00.000
2024-01-01 19:10:00.000
2024-01-04 19:10:00.000
2024-01-05 22:00:00.000
2024-01-05 19:40:00.000
2024-01-07 00:40:00.000
2024-01-03 02:20:00.000
2024-01-02 02:20:00.000
2024-01-05 01:20:00.000
2024-01-02 15:30:00.000
2024-01-07 01:00:00.000
2024-01-04 00:30:00.000
2024-01-03 02:15:00.000
2024-01-06 22:00:00.000
2024-01-01 13:20:00.000
2024-01-04 22:00:00.000
2024-01-04 01:00:00.000
2024-01-06 00:30:00.000
2024-01-02 00:30:00.000
2024-01-04 15:00:00.000

Column: h_fin
------------------------------
2024-01-03 20:30:00.000
2024-01-03 22:10:00.000
2024-01-03 23:00:00.000
2024-01-04 00:40:00.000
2024-01-01 16:20:00.000
2024-01-01 18:50:00.000
2024-01-02 00:40:00.000
2024-01-01 20:30:00.000
2024-01-04 23:00:00.000
2024-01-05 00:40:00.000
2024-01-02 23:50:00.000
2024-01-03 03:00:00.000
2024-01-02 02:30:00.000
2024-01-03 23:50:00.000
2024-01-02 20:30:00.000
2024-01-06 00:40:00.000
2024-01-04 01:40:00.000
2024-01-04 23:50:00.000
2024-01-05 01:30:00.000
2024-01-05 23:50:00.000
2024-01-06 02:30:00.000
2024-01-02 21:20:00.000
2024-01-02 23:00:00.000
2024-01-01 23:00:00.000
2024-01-02 22:10:00.000
2024-01-03 00:40:00.000
2024-01-05 03:10:00.000
2024-01-05 20:30:00.000
2024-01-05 22:10:00.000
2024-01-03 02:30:00.000
2024-01-04 02:30:00.000
2024-01-01 23:50:00.000
2024-01-02 01:30:00.000
2024-01-03 02:20:00.000
2024-01-01 18:20:00.000
2024-01-01 21:40:00.000
2024-01-02 03:20:00.000
2024-01-03 01:30:00.000
2024-01-05 02:20:00.000
2024-01-02 16:20:00.000
2024-01-04 16:20:00.000
2024-01-07 03:20:00.000
2024-01-04 03:20:00.000
2024-01-07 01:40:00.000
2024-01-03 16:20:00.000
2024-01-07 00:40:00.000
2024-01-03 18:00:00.000
2024-01-04 18:00:00.000
2024-01-03 01:40:00.000
2024-01-06 01:30:00.000
2024-01-02 15:40:00.000
2024-01-02 17:20:00.000
2024-01-01 18:00:00.000
2024-01-02 20:50:00.000
2024-01-06 23:50:00.000
2024-01-05 22:40:00.000
2024-01-04 14:40:00.000
2024-01-05 03:20:00.000
2024-01-06 21:10:00.000
2024-01-05 14:40:00.000
2024-01-05 16:20:00.000
2024-01-06 16:30:00.000
2024-01-06 18:20:00.000
2024-01-02 03:10:00.000
2024-01-03 00:30:00.000
2024-01-02 15:30:00.000
2024-01-06 14:40:00.000
2024-01-05 02:30:00.000
2024-01-01 15:40:00.000
2024-01-01 17:20:00.000
2024-01-04 03:10:00.000
2024-01-03 14:50:00.000
2024-01-03 15:50:00.000
2024-01-03 16:50:00.000
2024-01-03 17:50:00.000
2024-01-03 14:40:00.000
2024-01-03 03:10:00.000
2024-01-07 01:30:00.000
2024-01-06 01:40:00.000
2024-01-05 00:30:00.000
2024-01-06 01:10:00.000
2024-01-02 18:00:00.000
2024-01-05 01:00:00.000
2024-01-05 18:50:00.000
2024-01-06 02:20:00.000
2024-01-03 03:20:00.000
2024-01-07 02:30:00.000
2024-01-07 03:10:00.000
2024-01-02 04:00:00.000
2024-01-02 18:50:00.000
2024-01-02 14:40:00.000
2024-01-01 14:40:00.000
2024-01-01 21:30:00.000
2024-01-03 18:50:00.000
2024-01-01 17:10:00.000
2024-01-01 15:30:00.000
2024-01-02 01:40:00.000
2024-01-05 16:45:00.000
2024-01-07 03:35:00.000
2024-01-05 19:40:00.000
2024-01-04 01:30:00.000
2024-01-04 19:40:00.000
2024-01-04 17:10:00.000
2024-01-04 20:40:00.000
2024-01-03 02:40:00.000
2024-01-05 02:40:00.000
2024-01-06 16:20:00.000
2024-01-06 18:00:00.000
2024-01-06 20:40:00.000
2024-01-06 03:10:00.000
2024-01-01 13:50:00.000
2024-01-04 22:30:00.000
2024-01-05 20:40:00.000
2024-01-01 20:40:00.000
2024-01-03 21:40:00.000
2024-01-03 23:20:00.000
2024-01-03 15:30:00.000
2024-01-02 21:50:00.000
2024-01-02 20:10:00.000
2024-01-05 18:00:00.000
2024-01-05 23:00:00.000
2024-01-03 17:10:00.000
2024-01-02 19:40:00.000
2024-01-02 02:20:00.000
2024-01-03 04:00:00.000
2024-01-01 22:10:00.000
2024-01-02 01:00:00.000
2024-01-04 02:20:00.000
2024-01-06 01:00:00.000
2024-01-06 19:00:00.000
2024-01-06 15:30:00.000
2024-01-06 17:20:00.000
2024-01-05 01:50:00.000
2024-01-05 03:30:00.000
2024-01-01 23:20:00.000
2024-01-02 23:20:00.000
2024-01-04 02:40:00.000
2024-01-04 23:20:00.000
2024-01-03 21:00:00.000
2024-01-01 19:40:00.000
2024-01-01 21:20:00.000
2024-01-04 20:00:00.000
2024-01-06 19:40:00.000
2024-01-04 23:10:00.000
2024-01-06 03:30:00.000
2024-01-06 22:40:00.000
2024-01-02 03:30:00.000
2024-01-02 18:10:00.000
2024-01-04 21:10:00.000
2024-01-06 22:20:00.000
2024-01-02 22:50:00.000
2024-01-04 21:20:00.000
2024-01-04 15:30:00.000
2024-01-02 21:10:00.000
2024-01-03 21:10:00.000
2024-01-02 20:40:00.000
2024-01-04 03:30:00.000
2024-01-03 20:50:00.000
2024-01-02 23:40:00.000
2024-01-02 02:40:00.000
2024-01-03 01:20:00.000
2024-01-04 04:00:00.000
2024-01-03 19:40:00.000
2024-01-03 15:05:00.000
2024-01-03 23:40:00.000
2024-01-01 12:50:00.000
2024-01-04 18:50:00.000
2024-01-05 01:20:00.000
2024-01-02 00:15:00.000
2024-01-05 01:40:00.000
2024-01-01 20:50:00.000
2024-01-04 20:50:00.000
2024-01-05 17:10:00.000
2024-01-06 00:30:00.000
2024-01-05 21:20:00.000
2024-01-02 17:10:00.000
2024-01-07 02:20:00.000
2024-01-06 17:10:00.000
2024-01-04 20:30:00.000
2024-01-03 21:20:00.000
2024-01-05 03:50:00.000
2024-01-05 15:30:00.000
2024-01-04 14:15:00.000
2024-01-03 16:15:00.000
2024-01-07 02:40:00.000
2024-01-04 03:00:00.000
2024-01-03 03:30:00.000
2024-01-05 00:15:00.000
2024-01-07 00:30:00.000
2024-01-06 21:30:00.000
2024-01-01 14:35:00.000
2024-01-01 16:15:00.000
2024-01-04 02:15:00.000
2024-01-06 01:45:00.000
2024-01-05 02:55:00.000
2024-01-02 03:00:00.000
2024-01-06 01:55:00.000
2024-01-04 17:30:00.000

Column: n_horas
------------------------------
2
1
3
5
4
2.5
6
1.5

Column: c_color
------------------------------
#3788d8
#28a745
#7E22CE
#EAB308

Column: tipo
------------------------------
Teoría
Práctica


Column: h_umaPlus
------------------------------
1
NULL
2
1.5

Column: aula_id
------------------------------
NULL
1
3
4
5
11
12
13
15
18
19
20
27
28
29
30
31
34
40
54
55
56
57
58
59
60
61
64
65
66
67

Column: docente_id
------------------------------
NULL
1
3
4
5
6
7
8
9
10
12
13
14
15
16
17
18
19
21
22
23
24
25
26
27
28
29
30
32
33
34
35
36
37
39
41
42
43
45
46
47
48
49
50
52
54
55
56
59
60
61
62
64
65
66
67
69
70
71
72
74
76
78
81
83
85
86
87
89
90
92
93
94
95
96
97
98
100
101
102
103
104
105
106
107
108
109
110
111
112
113
114
115
116
117
118
119
124
126
129
130
132
133
134
135
136
137
139
140
141
142
143

Column: curso_id
------------------------------
192
194
195
196
197
199
200
201
205
206
207
211
212
213
214
215
216
217
219
220
221
222
225
226
227
228
229
242
243
248
249
254
256
257
258
259
260
262
263
264
265
266
267
268
269
270
271
272
273
274
275
276
277
285
289
290
291
292
294
295
296
297
298
299
301
302
303
304
305
306
308
309
310
311
312
314
315
316
322
323
324
325
326
327
328
329
330
331
332
333
334
335
336
337
338
339
340
341
342
343
344
345
346
348
349
350
352
354
355
356
357
358
359
360
361
363
364
365
366
384
387
388
391
393
395
398
399
402
404
406
407
408
409
410
411
412
413
414
415
417
418
419
420
421
422
423
424
425
426
437
438
439
440
441
442
444
445
446
447
448
450
451
452
453
466
467
468
469
470
471
472
474
476
477
478
479
495
496
497
498
499
500
501
502
503
504
505
506
507
508
509
510
511
512
513
514
515
516
526
527
528
530
532
533
534
535
536
538
539
541
543
562
565
566
569
571
573
576
577
580
582
618
619
620
624
625
626
627
628
629
630
632
634
635
637
638
639
640
641
642
643
644
645
646
648
649
650
651
652
653
654
655
656
657
680
681
686
687
692
693
694
695
696
697
699
700
701
702
703
705
706
707
708
709
711
712
713
714
758
759
760
761
762
763
764
765
766
767
768
769
770
771
772
773
774
775
776
777
778
779
780
781
782
783
784
785
786
787
788
789
790
791
792
794
795
796
797
798
799
800
801
802
803
804
805
806
807
808
809
810
811
812
813
814
815
817
818
819
820
821
822
823
824
825
826
827
828
829
830
831
832
834
835
836
837
838
839
840
841
842
845
847
848
849
850
851
852
853
854
855
856
857
858
860
864
887
888
889
890
891
892
894
895
896
897
898
903
904
905
906
907
908
910
911
912
913
914
916
917
918
919
928
930
931
932
933
937
938
939
940
941
942
944
945
946
947
949
950
951
952
953
955
956
957
958
1010
1012
1013
1014
1015
1016
1018
1019
1020
1021
1022
1023
1024
1025
1032
1033
1034
1037
1038
1039
1040
1043
1066
1067
1068
1069
1070
1111
1112
1113
1114
1115
1122
1124
1125
1126
1127
1128
1130
1131
1132
1133
1134
1136
1137
1138
1139
1150
1154
1155
1156
1157
1158
1159
1161
1162
1170
1175
1176
1177
1178
1179
1180
1181
1183
1187
1218
1219
1223
1224
1225
1226
1227
1228
1229
1230
1231
1233
1234
1235
1236
1237
1238
1239
1240
1241
1242
1243
1244
1245
1246
1247
1248
1249
1250
1251
1252
1254
1255
1256
1257
1258
1259
1263
1264
1265
1266
1267
1268
1269
1270
1271
1272
1273
1274
1275
1276
1277
1278
1279
1280
1281
1282
1283
1284
1285
1286
1287
1288
1289
1290
1291
1292
1293
1294
1295
1296
1297
1298
1299
1300
1301
1302
1303
1304
1305
1307
1308
1309
1310
1311
1312
1313
1314
1315
1316
1317
1318
1319
1320
1321
1322
1323
1324
1325
1326
1327
1328
1329
1330
1331
1332
1333
1334
1335
1336
1337
1338
1339
1340
1341
1342
1343
1344
1345
1346
1347
1348
1349
1350
1351
1352
1353
1354
1355
1357
1358
1359
1361
1362
1363
1364
1365
1366
1367
1368
1369
1370
1371
1372
1373
1374
1375
1376
1377
1378
1379
1380
1381
1382
1383
1384
1385
1386
1387
1388
1389
1390
1391
1392
1393
1394
1395
1396
1397
1398
1399
1400
1407
1410
1411
1412
1414
1415
1417
1418
1420
1421
1422
1423
1424
1431
1432
1442
1449
1450
1451
1452
1453
1454
1455
1456
1463
1464
1465
1466
1467
1468
1469
1470
1471
1477
1478
1479
1480
1481
1482
1496
1502
1507
1508
1514
1515
1516
1517
1518
1521
1527
1533
1542
1543
1548
1549
1554
1555
1560
1562
1563
1564
1565
1566
1576
1579
1580
1584
1585
1590
1595
1605
1607
1608
1609
1610
1623
1624
1629
1630
1635
1636
1641
1642
1652
1658
1665
1666
1667
1670
1671
1672
1676
1681
1686
1691
1699
1705
1708
1710
1711
1712
1713
1714
1716
1717
1718
1719
1720
1722
1723
1724
1725
1726
1728
1729
1730
1731
1734
1736
1738
1739
1740
1742
1743
1744
1745
1746
1748
1749
1750
1751
1752
1754
1755
1758
1764
1770
1776
1780
1782
1783
1784
1785
1786
1788
1789
1790
1791
1792
1793
1794
1796
1797
1803
1809
1815
1822
1824
1825
1826
1827
4318
4323
4324
4329
4330
4335
4336
4341
4342
4349
4354
4359
4360
4363
4365
4366
4369
4371
4372
4375
4377
4378
4381
4383
4384
4387
4389
4390
4393
4397
4400
4402
4405
4407
4408
4409
4410
4411
4412
4413
4414
4415
4416
4417
4418
4419
4420
4421
4422
4423
4424
4425
4426
4427
4428
4429
4430
4431
4432
4433
4434
4435
4436
4437
4438
4439
4440
4441
4442
4445
4446
4447
4448
4449
4450
4451
4452
4453
4454
4455
4456
4457
4458
4459
4460
4461
4462
4463
4464
4465
4466
4467
4468
4469
4470
4471
4472
4473
4474
4475
4476
4477
4478
4479
4480
4481
4482
4483
4484
4485
4486
4487
4488
4489
4490
4493
4494
4495
4496
4497
4498
4499
4500
4501
4502
4503
4504
4505
4506
4507
4508
4509
4510
4511
4512
4513
4514
4515
4516
4517
4518
4519
4520
4521
4522
4523
4524
4525
4526
4527
4528
4529
4530
4531
4532
4533
4534
4535
4536
4537
4538
4541
4542
4543
4544
4545
4546
4547
4548
4549
4550
4551
4552
4553
4554
4555
4556
4557
4558
4559
4560
4561
4562
4563
4564
4565
4566
4567
4568
4569
4570
4571
4572
4573
4574
4575
4576
4577
4578
4579
4580
4581
4582
4583
4584
4585
4586
4589
4590
4591
4592
4593
4594
4595
4596
4597
4598
4599
4792
4793
4794
4795
4796
4797
4798
4799
4800
4801
4802
4803
4804
4805
4806
4807
4808
4809
4810
4811
4812
4813
4814
4815
4816
4817
4818
4819
4820
4821
4822
4823
4824
4825
4826
4829
4830
4831
4832
4833
4834
4835
4836
4837
4838
4839
4840
4841
4842
4843
4844
4845
4846
4847
4848
4849
4850
4851
4852
4853
4854
4855
4856
4857
4858
4859
4860
4861
4862
4863
4864
4865
4866
4867
4868
4869
4870
4871
4872
4873
4874
4877
4878
4879
4880
4881
4882
4883
4884
4885
4886
4887
4888
4889
4890
4891
4892
4893
4894
4895
4896
4897
4898
4899
4900
4901
4902
4903
4904
4905
4906
4907
4908
4909
4910
4911
4912
4913
4914
4915
4916
4917
4918
4919
4920
4921
4922
4923
4925
4926
4927
4928
4929
4930
4931
4932
4933
4934
4935
4936
4937
4938
4939
4940
4941
4942
4943
4944
4945
4946
4947
4948
4949
4950
4951
4952
4953
4954
4955
4956
4957
4958
4959
4960
4961
4962
4963
4964
4965
4966
4967
4968
4969
4970
4973
4974
4975
4976
4977
4978
4979
4980
4981
4982
4983
4984
4985
4986
4987
4988
4989
4990
4991
4992
4993
4994
4995
4996
4997
4998
4999
5000
5001
5002
5003
5004
5005
5006
5007
5008
5009
5010
5011
5012
5013
5014
5015
5016
5017
5018
5021
5022
5023
5024
5025
5026
5027
5028
5029
5030
5031
5032
5033
5034
5035
5036
5037
5038
5039
5040
5041
5042
5043
5044
5045
5046
5047
5048
5049
5050
5051
5052
5053
5054
5055
5056
5057
5058
5059
5060
5061
5062
5063
5064
5065
5066
5069
5070
5071
5072
5073
5074
5075
5076
5077
5078
5079
5443
5449
5455
5460
5467
5473
5479
5484
5491
5497
5503
5508
5515
5521
5527
5532
5536
5537
5538
5539
5540
5541
5542
5543
5544
5545
5546
5547
5548
5549
5550
5551
5552
5553
5554
5555
5556
5557
5558
5559
5560
5563
5565
5566
5569
5571
5572
5575
5577
5578
5580
5583
5584
5587
5589
5590
5593
5595
5596
5599
5601
5602
5603
5604
5605
5606
5607
5608
5611
5613
5614
5617
5619
5620
5623
5625
5626
5628
5631
5632
5635
5637
5638
5641
5643
5644
5647
5649
5650
5652
5655
5656
5659
5661
5662
5665
5667
5668
5671
5673
5674
5676
5679
5969
5970
5971
5972
5973
5974
5975
5976
5977
5978
5979
5980
5995
5996
5997
5998
5999
6000
6001
6002
6003
6004
6005
6006
6007
6008
6009
6010
6011
6012
6013
6014
6015
6016
6017
6018

Column: turno_id
------------------------------
189
190
191
193
194
199
208
210
211
212
215
216
217
219
220
221
222
224
230
2120
2121
2122
2123
2124
2125
2133
2134
2135
2136
2137
2139
2140
2141
2143
2144
2145
2146
2147
2148
2149
2150
2151
2152
2153
2154
2155
2156
2157
2158
2159
2160
2161
2162
2163
2166
2167
2168
2169
2170
2171
2173
2174
2175
2176
2177
2178
2180
2181
2182
2183
2184
2185
2186
2187
2188
2191
2192
2193
2194
2195
2196
2199
2200
2201
2204
2205
2209
2210
2211
2212
2215
2216
2217
2218
2221
2222
2228
2229
2230
2231
2232
2233
2234
2235
2240
2241
2242
2243
2244
2245
2253
2254
2255
2256
2257
2258
2259
2260
2261
2262
2263
2264
2265
2266
2267
2268
2269
2270
2271
2272
2273
2274
2275
2277
2278
2279
2280
2281
2285
2286
2287
2288
2289
2290
2292
2294
2295
2296
2297
2304
2305
2306
2307
2308
2309
2310
2311
2312
2313
2314
2315
2316
2317
2318
2320
2321
2322
2323
2324
2329
2330
2331
2332
2333
2334
2335
2336
2337
2339
2340
2341
2342
2344
2345
2346
2347
2348
2350
2353
2354
2355
2356
2357
2358
2360
2361
2362
2363
2364
2365
2366
2367
2368
2369
2370
2371
2372
2373
2374
2375
2376
2377
2378
2379
2380
2381
2382
2383
2384
2385
2386
2388
2470
2471
2472
2473
2474
2475
2476
2477
2478
2479
2480
2481
2482
2483
2484
2485
2486
2487
2488
2489
2490
2491
2492
2493
2494
2495
2496
2497
2498
2499
2500
2501
2502
2503
2504
2505
2506
2507
2508
2509
2510
2511
2512
2513
2514
2515
2516
2549
2550
2551
2552
2553
2554
2555
2556
2557
2558
2559
2560
2561
2562
2563
2564
2565
2566
2567
2568
2569
2570
2571
2572
2573
2574
2575
2576
2577
2578
2579
2580
2581
2582
2583
2584
2585
2586
2587
2588
2589
2590
2591
2592
2593
2594
2595
2596
2657
2658
2659
2660
2661
2662
2663
2664
2665
2666
2667
2668
2669
2670
2671
2672
2673
2674
2675
2676
2677
2678
2679
2680
2681
2682
2683
2684
2685
2686
2687
2688
2689
2690
2691
2692
2693
2694
2695
2696
2759
2760
2761
2762
2763
2764
2772
2773
2774
2775

Column: modalidad
------------------------------
pre
tep
vir
tev
lbp
lab
prv
prp
