==============================
Table: Sheet1
==============================

Column: id
------------------------------
3880
3881
3882
3883
3884
3885
3886
3887
3888
3889
3890
3891
3894
3896
3900
3902
3904
3905
3906
3907
3908
3909
3910
3911
3912
3913
3914
3915
3916
3917
3918
3920
3921
3922
3923
3924
3926
3927
3928
3929
3930
3932
3933
3936
3940
3941
3942
3943
3944
3945
3946
3947
3948
3949
3950
3951
3954
3956
3960
3962
3964
3965
3966
3967
3968
3969
3970
3971
3972
3973
3974
3975
3976
3977
3978
3980
3981
3982
3983
3984
3986
3987
3988
3989
3990
3991
3992
3993
3994
3995
3996
3997
3998
3999
4000
4001
4003
4006
4007
4009
4017
4018
4019
4020
4022
4023
4024
4025
4026
4028
4029
4030
4031
4032
4033
4034
4036
4037
4038
4039
4040
4042
4043
4044
4045
4046
4047
4048
4049
4050
4051
4052
4053
4054
4055
4056
4057
4058
4059
4060
4061
4062
4064
4065
4070
4076
4081
4084
4085
4088
4089
4090
4091
4094
4095
4096
4097
4099
4100
4102
4103
4106
4107
4108
4109
4112
4113
4114
4115
4118
4119
4120
4121
4124
4125
4126
4127
4130
4131
4132
4133
4136
4137
4138
4139
4142
4143
4144
4145
4148
4149
4150
4151
4154
4155
4156
4157
4159
4160
4166
4172
4178
4184
4190
4196
4202
4208
4214
4220
4225
4232
4238
4244
4250
4252
4253
4258
4259
4264
4265
4270
4271
4276
4277
4282
4283
4288
4289
4293
4294
4295
4299
4300
4301
4305
4306
4307
4311
4312
4313
4314
4315
4316
4317
4318
4319
4320
4321
4322
4323
4324
4325
4326
4327
4328
4329
4330
4331
4332
4333
4334
4335
4336
4337
4338
4339
4340
4341
4342
4343
4344
4345
4346
4349
4350
4351
4353
4354
4355
4356
4358
4360
4361
4362
4363
4364
4365
4366
4367
4368
4369
4370
4371
4372
4373
4374
4375
4376
4377
4378
4379
4380
4381
4382
4383
4384
4385
4386
4387
4388
4389
4390
4391
4392
4393
4394
4397
4398
4399
4401
4402
4403
4404
4406
4408
4409
4410
4411
4412
4413
4414
4415
4416
4417
4418
4419
4420
4421
4422
4423
4424
4425
4426
4427
4428
4429
4430
4431
4432
4433
4434
4435
4436
4437
4438
4439
4440
4441
4442
4445
4446
4447
4449
4450
4451
4452
4454
4456
4457
4458
4459
4460
4461
4462
4463
4464
4465
4466
4467
4468
4469
4470
4471
4472
4473
4474
4475
4476
4477
4478
4479
4480
4481
4482
4483
4484
4485
4486
4487
4488
4489
4490
4493
4494
4495
4497
4498
4499
4500
4502
4504
4505
4506
4507
4508
4509
4510
4511
4512
4513
4514
4515
4516
4517
4518
4519
4520
4521
4522
4523
4524
4525
4526
4527
4528
4529
4530
4531
4532
4533
4534
4535
4536
4537
4538
4541
4542
4543
4545
4546
4547
4548
4550
4552
4553
4554
4555
4556
4557
4558
4559
4560
4561
4562
4563
4564
4565
4566
4567
4568
4569
4570
4571
4572
4573
4574
4575
4576
4577
4578
4579
4580
4581
4582
4583
4584
4585
4586
4589
4590
4591
4593
4594
4595
4596
4598
4600
4601
4603
4604
4605
4606
4607
4609
4610
4611
4612
4613
4615
4616
4617
4618
4619
4621
4622
4623
4624
4625
4627
4628
4629
4630
4631
4633
4634
4637
4638
4641
4642
4643
4646
4648
4649
4651
4652
4653
4654
4655
4657
4658
4659
4660
4661
4663
4664
4665
4666
4667
4669
4670
4671
4672
4673
4675
4677
4678
4679
4681
4682
4685
4686
4690
4691
4694
4696
4699
4700
4701
4702
4705
4706
4707
4708
4711
4712
4713
4714
4717
4718
4719
4720
4723
4724
4725
4726
4729
4730
4733
4737
4738
4742
4744
4749
4750
4755
4756
4761
4762
4767
4768
4773
4774
4781
4786
4792
4793
4794
4795
4796
4797
4798
4799
4800
4801
4802
4803
4804
4805
4806
4807
4808
4809
4810
4811
4812
4813
4814
4815
4816
4817
4818
4819
4820
4821
4822
4823
4824
4825
4826
4827
4828
4829
4830
4831
4833
4834
4835
4836
4838
4840
4841
4842
4843
4844
4845
4846
4847
4848
4849
4850
4851
4852
4853
4854
4855
4856
4857
4858
4859
4860
4861
4862
4863
4864
4865
4866
4867
4868
4869
4870
4871
4872
4873
4874
4877
4878
4879
4881
4882
4883
4884
4886
4888
4889
4890
4891
4892
4893
4894
4895
4896
4897
4898
4899
4900
4901
4902
4903
4904
4905
4906
4907
4908
4909
4910
4911
4912
4913
4914
4915
4916
4917
4918
4919
4920
4921
4922
4925
4926
4927
4929
4930
4931
4932
4934
4936
4937
4938
4939
4940
4941
4942
4943
4944
4945
4946
4947
4948
4949
4950
4951
4952
4953
4954
4955
4956
4957
4958
4959
4960
4961
4962
4963
4964
4965
4966
4967
4968
4969
4970
4973
4974
4975
4977
4978
4979
4980
4982
4984
4985
4986
4987
4988
4989
4990
4991
4992
4993
4994
4995
4996
4997
4998
4999
5000
5001
5002
5003
5004
5005
5006
5007
5008
5009
5010
5011
5012
5013
5014
5015
5016
5017
5018
5021
5022
5023
5025
5026
5027
5028
5030
5032
5033
5034
5035
5036
5037
5038
5039
5040
5041
5042
5043
5044
5045
5046
5047
5048
5049
5050
5051
5052
5053
5054
5055
5056
5057
5058
5059
5060
5061
5062
5063
5064
5065
5066
5069
5070
5071
5073
5074
5075
5076
5078
5080
5082
5083
5084
5085
5086
5088
5089
5090
5091
5092
5094
5095
5096
5097
5098
5100
5101
5102
5103
5104
5106
5107
5108
5109
5110
5112
5113
5114
5117
5119
5121
5122
5124
5126
5128
5130
5131
5132
5133
5134
5136
5137
5138
5139
5140
5142
5143
5144
5145
5146
5148
5149
5150
5151
5152
5154
5155
5156
5157
5158
5160
5161
5162
5165
5167
5169
5170
5172
5174
5176
5178
5179
5180
5181
5182
5184
5185
5186
5187
5188
5190
5191
5192
5193
5194
5196
5197
5198
5199
5200
5202
5203
5204
5205
5206
5208
5209
5210
5213
5215
5217
5218
5220
5222
5224
5226
5227
5228
5229
5230
5232
5233
5234
5235
5236
5238
5239
5240
5241
5242
5244
5245
5246
5247
5248
5250
5251
5252
5253
5254
5256
5257
5258
5261
5263
5265
5266
5268
5270
5277
5283
5289
5295
5301
5307
5313
5319
5325
5331
5335
5336
5337
5341
5342
5343
5347
5348
5349
5353
5354
5355
5359
5360
5361
5365
5366
5367
5371
5372
5373
5377
5378
5379
5383
5384
5385
5389
5390
5391
5395
5401
5407
5412
5419
5425
5431
5436
5443
5449
5455
5460
5467
5473
5479
5484
5491
5497
5503
5508
5515
5521
5527
5532
5536
5537
5538
5539
5541
5542
5543
5544
5545
5547
5548
5549
5550
5551
5553
5554
5556
5559
5560
5563
5565
5566
5569
5571
5572
5575
5577
5578
5580
5583
5584
5587
5589
5590
5593
5595
5596
5599
5601
5602
5604
5607
5608
5611
5613
5614
5617
5619
5620
5623
5625
5626
5628
5631
5632
5635
5637
5638
5641
5643
5644
5647
5649
5650
5652
5655
5656
5659
5661
5662
5665
5667
5668
5671
5673
5674
5676
5679
5683
5685
5689
5691
5695
5697
5700
5703
5707
5709
5713
5715
5719
5721
5724
5727
5731
5733
5737
5739
5743
5745
5748
5751
5755
5757
5761
5763
5767
5769
5772
5775
5779
5780
5785
5786
5792
5799
5805
5810
5817
5823
5829
5835
5841
5846
5853
5859
5865
5871
5876
5882
5888
5894
5900
5906
5913
5918
5925
5931
5937
5943
5944
5945
5946
5947
5948
5949
5950
5952
5953
5957
5962
5964
5965
5968
5969
5970
5971
5972
5973
5974
5975
5976
5977
5978
5979
5980
5982
5984
5986
5988
5990
5992
5994

Column: n_codper
------------------------------
2025

Column: c_codmod
------------------------------
1
2

Column: c_codesp
------------------------------
S1
S2
S3
S4
S6
S5
S7
E2
E3
E4
E6
E9

Column: n_ciclo
------------------------------
1
2

Column: c_codcur
------------------------------
PESG5012
PESG5015
PENF5011
PESG5014
PESG5011
PESG5013
SESG3012
SESG3015
SENF3011
SESG3014
SESG3011
SESG3013
PFBQ5011
SFBQ3011
SNYD3011
SPSI3011
STML2011
STMT2011
PMHU1011
SAYM3011
SCYF3011
SANI3011
PCTS5021
PESG5022
PESG5024
PESG5021
PESG5023
PCTS5022
SCTS3021
SESG3022
SESG3024
SESG3021
SESG3023
SCTS3022
SPSI3021
STMT2021
SAYM3022
SAYM3021
SCYF3022
SCYF3021
SANI3022
SANI3021

Column: c_alu
------------------------------
30
33
40
15

Column: c_grpcur
------------------------------
MP1
MS1
MP2
MS2
NP1
NS1
NP2
NS2
NP3
NS3
NP4
NS4
MP3
MS3
MP4
MS4
MP5
MS5
MP6
MS6
MP7
MS7
MP8
MS8
MP9
MS9
MP10
MS10
NP5
NS5
NP6
NS6
NP7
NS7
NP8
NS8
NP9
NS9
NP10
NS10
MP11
MS11
MP12
MS12
NP11
NS11
NP12
NS12
NP13
NS13

Column: turno_id
------------------------------
2392
2393
2394
2395
2396
2397
2398
2399
2400
2401
2402
2403
2404
2405
2406
2407
2408
2409
2410
2411
2412
2413
2414
2415
2416
2417
2418
2419
2420
2421
2423
2424
2425
2426
2427
2428
2429
2430
2431
2432
2433
2435
2436
2437
2438
2439
2440
2441
2442
2443
2444
2446
2447
2448
2449
2450
2451
2452
2453
2454
2455
2456
2458
2459
2460
2461
2462
2463
2464
2465
2466
2467
2469
2470
2471
2472
2473
2474
2475
2476
2477
2478
2479
2480
2481
2482
2483
2484
2485
2486
2487
2488
2489
2490
2491
2492
2493
2494
2495
2496
2497
2498
2499
2500
2501
2502
2503
2504
2505
2506
2507
2508
2509
2510
2511
2512
2513
2514
2515
2516
2517
2518
2519
2520
2521
2522
2523
2524
2525
2526
2527
2528
2529
2530
2531
2532
2533
2534
2535
2536
2537
2538
2539
2540
2541
2542
2543
2544
2545
2546
2547
2548
2549
2550
2551
2552
2553
2554
2555
2556
2557
2558
2559
2560
2561
2562
2563
2564
2565
2566
2567
2568
2569
2570
2571
2572
2573
2574
2575
2576
2577
2578
2579
2580
2581
2582
2583
2584
2585
2586
2587
2588
2589
2590
2591
2592
2593
2594
2595
2596
2597
2598
2599
2600
2601
2602
2603
2604
2605
2606
2607
2608
2609
2610
2611
2612
2613
2614
2615
2616
2617
2618
2619
2620
2621
2622
2623
2624
2625
2626
2627
2628
2629
2630
2631
2632
2633
2634
2635
2636
2637
2638
2639
2640
2641
2642
2643
2644
2645
2646
2647
2648
2649
2650
2651
2652
2653
2654
2655
2656
2657
2658
2659
2660
2661
2662
2663
2664
2665
2666
2667
2668
2669
2670
2671
2672
2673
2674
2675
2676
2677
2678
2679
2680
2681
2682
2683
2684
2685
2686
2687
2688
2689
2690
2691
2692
2693
2694
2695
2696
2697
2698
2699
2700
2701
2702
2703
2704
2705
2706
2707
2708
2709
2710
2711
2712
2713
2714
2721
2722
2727
2728
2729
2730
2731
2732
2734
2735
2736
2737
2738
2739
2741
2742
2743
2744
2745
2746
2747
2748
2749
2750
2751
2752
2754
2755
2756
2757
2758
2759
2760
2761
2762
2763
2764
2765
2766
2767
2768
2769
2770
2771
