==============================
Table: turno
==============================

Column: id
------------------------------
2387
2305
2306
2307
2120
2121
2122
2123
2124
2125
2180
2253
2255
2209
2263
2265
2362
224
2363
2210
2254
2256
2275
2264
2266
2360
2277
2361
2181
2182
2259
2211
2212
2269
2312
2309
221
2313
2310
230
231
2257
2258
2260
2267
2268
2270
2278
2279
2280
2314
2311
2315
222
2133
2134
2135
2183
2136
2184
2213
2214
2649
2653
2657
2661
2665
2669
2145
2146
2147
2148
2304
2441
2419
2673
2709
2729
2736
2749
2430
2677
2464
2681
2453
2685
2689
2693
2697
2701
2705
2650
2654
2658
2662
2666
2670
2149
2150
2151
2152
2153
2442
2420
2674
2710
2730
2737
2750
2431
2678
2465
2682
2454
2686
2690
2694
2698
2702
2706
2651
2655
2659
2663
2667
2671
2308
2154
2155
2156
191
2443
2421
2675
2711
2731
2738
2751
2432
2679
2466
2683
2455
2687
2691
2695
2699
2703
2707
2652
2656
2660
2664
2668
2672
2157
2158
2444
2423
2676
2712
2732
2739
2752
2433
2680
2467
2684
2456
2688
2692
2696
2700
2704
2708
2756
2754
2759
2768
2769
2770
2771
2755
2760
2758
2761
2757
2762
2763
2764
2765
2766
2767
2380
2381
2186
2187
186
2159
2161
2193
2195
2196
2216
2217
2229
2230
2232
2234
2235
2366
2329
2338
2321
190
2367
2330
2322
2320
2331
2347
2332
2348
2392
2469
2541
2629
2634
2394
2477
2485
2493
2501
2509
2517
2525
2533
2393
2470
2542
2630
2635
2395
2478
2486
2494
2502
2510
2518
2526
2534
2185
2188
187
213
2160
2162
2194
2163
2261
2215
2218
2228
2231
2233
2271
2272
2281
2333
2364
2285
2286
2344
2334
2365
2294
2295
2357
2345
2385
2358
2346
2386
2396
2549
2621
2639
2644
2741
2398
2557
2400
2565
2401
2446
2573
2581
2589
2597
2605
2613
2397
2550
2622
2640
2645
2742
2399
2558
2435
2566
2447
2574
2582
2590
2598
2606
2614
2191
2166
2262
2168
2201
2368
2372
2221
2240
2273
2274
2244
2369
2373
219
2341
2316
2292
189
2376
2335
2339
2317
2297
2384
2377
2353
212
2354
2350
2402
2471
2543
2631
2636
2404
2479
2487
2495
2503
2511
2519
2527
2535
2403
2472
2544
2632
2637
2405
2480
2488
2496
2504
2512
2520
2528
2536
2192
2167
2199
2200
2169
2388
2370
2374
2222
2241
2242
2243
2245
2371
2375
2336
2351
2300
2287
2288
2289
2290
2378
2337
2352
2301
2340
2318
2296
2342
2379
2359
2302
2355
210
2303
2356
211
2406
2551
2623
2641
2646
2743
2408
2559
2436
2567
2448
2575
2583
2591
2599
2607
2615
2407
2552
2624
2642
2647
2744
2409
2560
2437
2568
2449
2576
2584
2592
2600
2608
2616
2774
2775
2772
2773
220
193
201
192
194
2721
2415
2473
2545
2633
2638
2424
2481
2489
2497
2505
2513
2521
2529
2537
2137
2138
200
2170
2204
2171
2248
2249
2410
2553
2625
2643
2648
2745
2427
2561
2438
2569
2450
2577
2585
2593
2601
2609
2617
2323
198
2416
2474
2546
2425
2482
2490
2498
2506
2514
2522
2530
2538
2139
2140
215
2172
2173
2174
2205
2175
2223
2224
2250
2251
2252
2291
2411
2554
2626
2713
2714
2746
2428
2562
2439
2570
2451
2578
2586
2594
2602
2610
2618
208
217
2382
2722
2458
2475
2547
2483
2491
2499
2507
2515
2523
2531
2539
2141
2142
218
199
2176
2413
2555
2627
2727
2734
2747
2460
2563
2462
2571
2579
2587
2595
2603
2611
2619
2324
2177
2459
2476
2548
2484
2492
2500
2508
2516
2524
2532
2540
2143
2144
195
216
2383
2178
2225
2412
2556
2628
2728
2735
2748
2461
2564
2463
2572
2580
2588
2596
2604
2612
2620
2417
2426
2418
2429
2440
2452
2414
2776
2778
2777
2779

Column: n_codper
------------------------------
20251
20252
20261
20262

Column: n_codpla
------------------------------
2025
2023

Column: c_codfac
------------------------------
S
E

Column: nom_fac
------------------------------
CIENCIAS DE LA SALUD
INGENIERIA Y NEGOCIOS

Column: c_codesp
------------------------------
S2
E2
E3
E4
S1
S3
S4
E6
E9
S5
S6
S7

Column: nomesp
------------------------------
ENFERMERÍA
FARMACIA Y BIOQUÍMICA
ADMINISTRACIÓN Y NEGOCIOS INTERNACIONALES
NUTRICIÓN Y DIETÉTICA
TECNOLOGÍA MÉDICA EN LABORATORIO CLÍNICO Y ANATOMÍA PATOLÓGICA
PSICOLOGÍA
TECNOLOGÍA MÉDICA EN TERAPIA FÍSICA Y REHABILITACIÓN
CONTABILIDAD Y FINANZAS
ADMINISTRACIÓN Y MARKETING
INGENIERÍA DE INTELIGENCIA ARTIFICIAL
MEDICINA
DERECHO

Column: c_grpcur
------------------------------
N1 P
N1
M1
M2
M3
M4
N2
N3
N4
M5
MS1
MS2
MS3
MS4
MS5
MS6
NP3
NS1
NS10
NS11
NS12
NS13
NS2
NS3
NS4
NS5
NS6
NS7
NS8
NS9
D1
D2
M6
MP1
MP10
MP11
MP12
MP2
MP3
MP4
MP5
MP6
MP7
MP8
MP9
MS10
MS11
MS12
MS7
MS8
MS9
N5
N6
NP1
NP10
NP11
NP12
NP13
NP2
NP4
NP5
NP6
NP7
NP8
NP9
M1 SP
M2 SP
M3 SP
M4 SP 
N1 SP
N2 SP
N3 SP
N4 SP
SP1
SP2
SS1
SS2

Column: c_codmod
------------------------------
1
2

Column: c_nommod
------------------------------
Presencial
Semipresencial

Column: n_ciclo
------------------------------
3
8
9
10
2
4
5
6
7
1

Column: estado
------------------------------
0
1
2

Column: subido_sigu
------------------------------
1
0
